-1.600000e+000
-1.390730e+000
-2.570175e-001
2.215790e-001
3.835464e-001
5.415390e-001
6.931793e-001
8.377502e-001
9.726242e-001
1.096954e+000
1.208958e+000
1.307664e+000
1.392039e+000
1.459869e+000
1.515379e+000
1.533388e+000
1.566187e+000
1.575000e+000
1.575000e+000
1.565982e+000
1.445050e+000
1.395084e+000
1.327098e+000
1.231946e+000
1.122675e+000
1.000949e+000
8.682709e-001
7.257019e-001
5.752960e-001
4.188507e-001
2.569962e-001
9.242401e-002
-7.314758e-002
-2.381165e-001
-4.005508e-001
-5.591568e-001
-7.112030e-001
-8.558380e-001
-9.915115e-001
-1.116058e+000
-1.229106e+000
-1.328151e+000
-1.413135e+000
-1.482297e+000
-1.536237e+000
-1.560750e+000
-1.597179e+000
-1.600000e+000
-1.600000e+000
-1.573831e+000
-1.473067e+000
-1.435072e+000
-1.356709e+000
-1.261781e+000
-1.153212e+000
-1.032129e+000
-8.997467e-001
-7.579514e-001
-6.076370e-001
-4.514343e-001
-2.897507e-001
-1.256012e-001
4.020233e-002
2.054520e-001
3.676834e-001
5.266983e-001
6.789963e-001
8.241364e-001
9.600723e-001
1.085577e+000
1.198784e+000
1.298758e+000
1.384631e+000
1.453897e+000
1.510474e+000
1.532111e+000
1.567735e+000
1.575000e+000
1.575000e+000
1.564075e+000
1.452280e+000
1.404860e+000
1.336000e+000
1.241756e+000
1.133508e+000
1.013370e+000
8.812775e-001
7.398361e-001
5.903046e-001
4.339249e-001
2.727005e-001
1.084213e-001
-5.726776e-002
-2.222504e-001
-3.853195e-001
-5.440277e-001
-6.969040e-001
-8.422684e-001
-9.788864e-001
-1.104625e+000
-1.218756e+000
-1.319250e+000
-1.405458e+000
-1.477666e+000
-1.528035e+000
-1.577596e+000
-1.562788e+000
-1.594867e+000
-1.600000e+000
-1.600000e+000
-1.526651e+000
-1.395499e+000
-1.364764e+000
-1.271661e+000
-1.164191e+000
-1.044170e+000
-9.130356e-001
-7.717056e-001
-6.226929e-001
-4.664993e-001
-3.056030e-001
-1.413681e-001
2.424927e-002
1.894882e-001
3.522919e-001
5.118286e-001
6.646133e-001
8.103912e-001
9.476120e-001
1.073848e+000
1.188550e+000
1.289780e+000
1.377003e+000
1.447852e+000
1.505705e+000
1.531508e+000
1.567944e+000
1.575000e+000
1.575000e+000
1.561192e+000
1.458034e+000
1.416971e+000
1.344186e+000
1.251070e+000
1.144922e+000
1.025101e+000
8.946564e-001
7.536880e-001
6.050339e-001
4.491837e-001
2.882721e-001
1.244080e-001
-4.128571e-002
-2.065445e-001
-3.697617e-001
-5.289963e-001
-6.825348e-001
-8.286453e-001
-9.660934e-001
-1.093176e+000
-1.208252e+000
-1.310132e+000
-1.398305e+000
-1.469632e+000
-1.527618e+000
-1.559363e+000
-1.597179e+000
-1.600000e+000
-1.599925e+000
-1.558376e+000
-1.504060e+000
-1.448914e+000
-1.373615e+000
-1.280995e+000
-1.175171e+000
-1.056261e+000
-9.260452e-001
-7.856720e-001
-6.374130e-001
-4.818176e-001
-3.210190e-001
-1.574738e-001
8.486938e-003
1.736053e-001
3.367798e-001
4.966492e-001
6.501862e-001
7.969818e-001
9.346130e-001
1.062346e+000
1.177966e+000
1.280614e+000
1.369273e+000
1.442018e+000
1.500406e+000
1.530450e+000
1.568353e+000
1.575000e+000
1.575000e+000
1.556023e+000
1.468079e+000
1.425818e+000
1.352582e+000
1.260774e+000
1.155586e+000
1.037238e+000
9.075760e-001
7.677216e-001
6.194580e-001
4.645157e-001
3.040634e-001
1.401627e-001
-2.545776e-002
-1.906326e-001
-3.542343e-001
-5.138458e-001
-6.680817e-001
-8.149597e-001
-9.533112e-001
-1.081497e+000
-1.197601e+000
-1.301112e+000
-1.390285e+000
-1.464551e+000
-1.520325e+000
-1.564828e+000
-1.567952e+000
-1.599261e+000
-1.600000e+000
-1.600000e+000
-1.536952e+000
-1.413414e+000
-1.380894e+000
-1.290717e+000
-1.185956e+000
-1.068161e+000
-9.389832e-001
-7.996185e-001
-6.519379e-001
-4.970032e-001
-3.367340e-001
-1.732666e-001
-7.577515e-003
1.578781e-001
3.213943e-001
4.812439e-001
6.358322e-001
7.831757e-001
9.217819e-001
1.050627e+000
1.167337e+000
1.271423e+000
1.361462e+000
1.435809e+000
1.493385e+000
1.542331e+000
1.537733e+000
1.569507e+000
1.575000e+000
1.575000e+000
1.532724e+000
1.384290e+000
1.356558e+000
1.270285e+000
1.166211e+000
1.049261e+000
9.203476e-001
7.816437e-001
6.340790e-001
4.797684e-001
3.194901e-001
1.560165e-001
-9.432983e-003
-1.748184e-001
-3.386475e-001
-4.988037e-001
-6.533463e-001
-8.012070e-001
-9.405762e-001
-1.069652e+000
-1.186952e+000
-1.291739e+000
-1.382373e+000
-1.458032e+000
-1.516190e+000
-1.558505e+000
-1.571431e+000
-1.599847e+000
-1.600000e+000
-1.600000e+000
-1.538426e+000
-1.424626e+000
-1.389183e+000
-1.299983e+000
-1.196559e+000
-1.080130e+000
-9.518158e-001
-8.134811e-001
-6.663315e-001
-5.122925e-001
-3.523087e-001
-1.888992e-001
-2.377930e-002
1.421036e-001
3.057953e-001
4.662521e-001
6.210449e-001
7.692886e-001
9.091202e-001
1.038634e+000
1.156651e+000
1.261958e+000
1.353461e+000
1.429214e+000
1.489159e+000
1.536284e+000
1.538855e+000
1.572046e+000
1.575000e+000
1.575000e+000
1.535399e+000
1.394020e+000
1.364603e+000
1.279732e+000
1.176746e+000
1.060919e+000
9.333679e-001
7.953598e-001
6.483414e-001
4.951752e-001
3.348450e-001
1.720535e-001
6.391907e-003
-1.589294e-001
-3.229965e-001
-4.835587e-001
-6.390076e-001
-7.872269e-001
-9.275604e-001
-1.057678e+000
-1.176247e+000
-1.282191e+000
-1.374323e+000
-1.451134e+000
-1.511955e+000
-1.555402e+000
-1.596771e+000
-1.590477e+000
-1.563429e+000
-1.596484e+000
-1.564507e+000
-1.437535e+000
-1.395143e+000
-1.309184e+000
-1.207083e+000
-1.091718e+000
-9.647079e-001
-8.273010e-001
-6.806686e-001
-5.274445e-001
-3.678497e-001
-2.048691e-001
-3.942719e-002
1.260834e-001
2.901154e-001
4.509857e-001
6.066238e-001
7.553772e-001
8.959167e-001
1.026767e+000
1.145749e+000
1.252534e+000
1.345090e+000
1.423009e+000
1.484502e+000
1.525330e+000
1.568750e+000
1.575000e+000
1.570215e+000
1.536755e+000
1.511742e+000
1.444325e+000
1.375890e+000
1.288921e+000
1.187166e+000
1.072548e+000
9.460938e-001
8.091568e-001
6.627808e-001
5.099976e-001
3.506165e-001
1.878265e-001
2.237244e-002
-1.431534e-001
-3.073593e-001
-4.682373e-001
-6.244080e-001
-7.731827e-001
-9.145782e-001
-1.045549e+000
-1.165468e+000
-1.272757e+000
-1.365808e+000
-1.444580e+000
-1.506740e+000
-1.553424e+000
-1.591551e+000
-1.562868e+000
-1.592308e+000
-1.600000e+000
-1.586635e+000
-1.440570e+000
-1.389235e+000
-1.318262e+000
-1.217560e+000
-1.103296e+000
-9.774734e-001
-8.407867e-001
-6.952148e-001
-5.424606e-001
-3.832764e-001
-2.207306e-001
-5.545959e-002
1.103836e-001
2.742966e-001
4.357346e-001
5.920425e-001
7.412704e-001
8.829285e-001
1.014462e+000
1.135095e+000
1.242737e+000
1.336784e+000
1.416290e+000
1.479199e+000
1.523120e+000
1.568353e+000
1.574327e+000
1.543208e+000
1.557855e+000
1.546129e+000
1.429663e+000
1.381627e+000
1.297792e+000
1.197713e+000
1.084056e+000
9.588089e-001
8.226761e-001
6.772552e-001
5.248276e-001
3.663177e-001
2.034805e-001
3.836975e-002
-1.273819e-001
-2.915924e-001
-4.528625e-001
-6.097214e-001
-7.593079e-001
-9.013214e-001
-1.033481e+000
-1.154417e+000
-1.262979e+000
-1.357524e+000
-1.437828e+000
-1.502113e+000
-1.544376e+000
-1.576915e+000
-1.600000e+000
-1.600000e+000
-1.599069e+000
-1.531525e+000
-1.467352e+000
-1.412256e+000
-1.327156e+000
-1.227827e+000
-1.114731e+000
-9.902130e-001
-8.542953e-001
-7.094727e-001
-5.575287e-001
-3.987167e-001
-2.366150e-001
-7.111359e-002
9.418335e-002
2.589066e-001
4.200592e-001
5.775299e-001
7.270294e-001
8.699768e-001
1.002164e+000
1.124042e+000
1.232944e+000
1.328465e+000
1.409125e+000
1.473779e+000
1.520404e+000
1.568076e+000
1.547438e+000
1.553027e+000
1.575000e+000
1.567662e+000
1.435660e+000
1.372400e+000
1.306425e+000
1.208005e+000
1.095528e+000
9.712357e-001
8.362289e-001
6.915939e-001
5.398346e-001
3.816208e-001
2.193558e-001
5.431976e-002
-1.114349e-001
-2.759308e-001
-4.376862e-001
-5.947601e-001
-7.451569e-001
-8.882507e-001
-1.021217e+000
-1.143106e+000
-1.253322e+000
-1.349069e+000
-1.430760e+000
-1.496292e+000
-1.541818e+000
-1.576514e+000
-1.600000e+000
-1.600000e+000
-1.596835e+000
-1.529105e+000
-1.483124e+000
-1.418893e+000
-1.335916e+000
-1.237952e+000
-1.126276e+000
-1.002597e+000
-8.677414e-001
-7.239151e-001
-5.721161e-001
-4.144592e-001
-2.521393e-001
-8.731232e-002
7.845306e-002
2.430710e-001
4.049103e-001
5.625061e-001
7.131332e-001
8.564728e-001
9.899780e-001
1.112746e+000
1.223169e+000
1.319696e+000
1.402251e+000
1.468193e+000
1.517590e+000
1.543188e+000
1.574449e+000
1.575000e+000
1.575000e+000
1.526819e+000
1.442807e+000
1.398431e+000
1.315503e+000
1.217836e+000
1.106937e+000
9.838165e-001
8.494843e-001
7.059235e-001
5.548050e-001
3.969421e-001
2.350876e-001
7.032471e-002
-9.553986e-002
-2.602646e-001
-4.222168e-001
-5.800308e-001
-7.310715e-001
-8.747070e-001
-1.008873e+000
-1.132146e+000
-1.243054e+000
-1.340527e+000
-1.423491e+000
-1.491234e+000
-1.537054e+000
-1.577104e+000
-1.600000e+000
-1.600000e+000
-1.592612e+000
-1.531384e+000
-1.494720e+000
-1.426295e+000
-1.344496e+000
-1.247955e+000
-1.137503e+000
-1.015073e+000
-8.811081e-001
-7.379745e-001
-5.872635e-001
-4.296829e-001
-2.678986e-001
-1.033447e-001
6.268616e-002
2.272049e-001
3.896210e-001
5.475800e-001
6.990463e-001
8.428894e-001
9.776337e-001
1.101544e+000
1.213055e+000
1.311253e+000
1.394849e+000
1.462483e+000
1.514171e+000
1.551913e+000
1.541542e+000
1.573804e+000
1.575000e+000
1.573871e+000
1.464203e+000
1.371310e+000
1.324100e+000
1.227863e+000
1.118309e+000
9.959030e-001
8.629578e-001
7.200073e-001
5.697021e-001
4.124146e-001
2.507156e-001
8.624268e-002
-7.971802e-002
-2.443161e-001
-4.070068e-001
-5.648300e-001
-7.171967e-001
-8.611496e-001
-9.963058e-001
-1.120888e+000
-1.232974e+000
-1.331894e+000
-1.415971e+000
-1.485431e+000
-1.533530e+000
-1.576524e+000
-1.600000e+000
-1.600000e+000
-1.581537e+000
-1.547371e+000
-1.498010e+000
-1.433914e+000
-1.353365e+000
-1.257912e+000
-1.148726e+000
-1.027144e+000
-8.947113e-001
-7.520187e-001
-6.018707e-001
-4.452972e-001
-2.835098e-001
-1.191055e-001
4.654999e-002
2.115799e-001
3.742218e-001
5.325195e-001
6.846436e-001
8.297073e-001
9.651016e-001
1.090031e+000
1.202966e+000
1.302348e+000
1.387578e+000
1.456693e+000
1.510992e+000
1.542015e+000
1.548866e+000
1.574986e+000
1.575000e+000
1.574301e+000
1.473151e+000
1.377847e+000
1.332404e+000
1.237717e+000
1.129436e+000
1.008313e+000
8.760986e-001
7.340744e-001
5.843460e-001
4.278427e-001
2.665070e-001
1.020447e-001
-6.361542e-002
-2.287796e-001
-3.913651e-001
-5.500412e-001
-7.025681e-001
-8.478806e-001
-9.838943e-001
-1.109232e+000
-1.222868e+000
-1.322888e+000
-1.408411e+000
-1.479738e+000
-1.529861e+000
-1.575420e+000
-1.600000e+000
-1.594322e+000
-1.562715e+000
-1.586339e+000
-1.499434e+000
-1.433397e+000
-1.361877e+000
-1.267705e+000
-1.159659e+000
-1.039482e+000
-9.076599e-001
-7.663025e-001
-6.165848e-001
-4.604919e-001
-2.993637e-001
-1.349350e-001
3.061371e-002
1.957443e-001
3.589035e-001
5.173294e-001
6.705490e-001
8.158722e-001
9.526947e-001
1.078500e+000
1.192651e+000
1.293416e+000
1.379861e+000
1.450926e+000
1.504449e+000
1.542604e+000
1.574609e+000
1.575000e+000
1.566187e+000
1.522998e+000
1.481718e+000
1.419568e+000
1.340742e+000
1.247725e+000
1.140053e+000
1.020676e+000
8.891663e-001
7.481812e-001
5.989944e-001
4.433075e-001
2.818726e-001
1.181320e-001
-4.774323e-002
-2.129944e-001
-3.758011e-001
-5.350723e-001
-6.881256e-001
-8.343353e-001
-9.712189e-001
-1.097754e+000
-1.212442e+000
-1.313904e+000
-1.401173e+000
-1.472470e+000
-1.530322e+000
-1.556049e+000
-1.589740e+000
-1.600000e+000
-1.600000e+000
-1.592575e+000
-1.486490e+000
-1.437271e+000
-1.369467e+000
-1.277357e+000
-1.170638e+000
-1.051627e+000
-9.207855e-001
-7.800629e-001
-6.315857e-001
-4.757095e-001
-3.147552e-001
-1.510788e-001
1.474915e-002
1.801697e-001
3.429840e-001
5.024460e-001
6.561737e-001
8.023300e-001
9.398438e-001
1.066994e+000
1.182280e+000
1.284151e+000
1.372266e+000
1.445264e+000
1.501717e+000
1.532690e+000
1.556537e+000
1.575000e+000
1.575000e+000
1.573871e+000
1.480550e+000
1.400336e+000
1.348767e+000
1.257248e+000
1.151181e+000
1.032454e+000
9.023697e-001
7.622604e-001
6.134155e-001
4.584686e-001
2.978241e-001
1.337708e-001
-3.164520e-002
-1.972931e-001
-3.601944e-001
-5.199432e-001
-6.740463e-001
-8.202652e-001
-9.586777e-001
-1.085948e+000
-1.202034e+000
-1.304672e+000
-1.393529e+000
-1.466711e+000
-1.521700e+000
-1.573024e+000
-1.576158e+000
-1.574239e+000
-1.599994e+000
-1.600000e+000
-1.554327e+000
-1.403488e+000
-1.374893e+000
-1.286790e+000
-1.181711e+000
-1.063382e+000
-9.339050e-001
-7.940674e-001
-6.460037e-001
-4.908661e-001
-3.306213e-001
-1.668076e-001
-1.271057e-003
1.642624e-001
3.275360e-001
4.875504e-001
6.414841e-001
7.886002e-001
9.270813e-001
1.055328e+000
1.171558e+000
1.275204e+000
1.364217e+000
1.439265e+000
1.496584e+000
1.530017e+000
1.558177e+000
1.575000e+000
1.575000e+000
1.572978e+000
1.481976e+000
1.413451e+000
1.357019e+000
1.266429e+000
1.161987e+000
1.044377e+000
9.153259e-001
7.760971e-001
6.281555e-001
4.736893e-001
3.131973e-001
1.499069e-001
-1.590729e-002
-1.812897e-001
-3.448059e-001
-5.048630e-001
-6.592804e-001
-8.066849e-001
-9.457733e-001
-1.074164e+000
-1.191483e+000
-1.295515e+000
-1.385284e+000
-1.460727e+000
-1.519386e+000
-1.552716e+000
-1.591417e+000
-1.600000e+000
-1.600000e+000
-1.584799e+000
-1.500818e+000
-1.457350e+000
-1.386208e+000
-1.296306e+000
-1.192210e+000
-1.075346e+000
-9.468552e-001
-8.078857e-001
-6.604218e-001
-5.063583e-001
-3.460083e-001
-1.825592e-001
-1.729126e-002
1.483948e-001
3.120010e-001
4.722153e-001
6.270004e-001
7.749863e-001
9.141495e-001
1.043404e+000
1.160983e+000
1.265764e+000
1.356606e+000
1.431589e+000
1.491580e+000
1.538167e+000
1.560779e+000
1.540535e+000
1.573338e+000
1.575000e+000
1.546727e+000
1.391998e+000
1.357143e+000
1.276131e+000
1.172485e+000
1.056197e+000
9.281891e-001
7.898254e-001
6.427887e-001
4.887451e-001
3.288086e-001
1.657913e-001
-6.103516e-005
-1.652832e-001
-3.292938e-001
-4.896011e-001
-6.449081e-001
-7.927567e-001
-9.327606e-001
-1.062415e+000
-1.180632e+000
-1.286238e+000
-1.377307e+000
-1.453542e+000
-1.513747e+000
-1.563121e+000
-1.562660e+000
-1.592944e+000
-1.600000e+000
-1.600000e+000
-1.568155e+000
-1.418607e+000
-1.387653e+000
-1.305620e+000
-1.202727e+000
-1.087152e+000
-9.595917e-001
-8.217316e-001
-6.749573e-001
-5.212341e-001
-3.617233e-001
-1.985550e-001
-3.315887e-002
1.326553e-001
2.962723e-001
4.571426e-001
6.124390e-001
7.608765e-001
9.012466e-001
1.031508e+000
1.150133e+000
1.256412e+000
1.348451e+000
1.425250e+000
1.486301e+000
1.536256e+000
1.546143e+000
1.553392e+000
1.575000e+000
1.575000e+000
1.554657e+000
1.400450e+000
1.360756e+000
1.285336e+000
1.183046e+000
1.067845e+000
9.410217e-001
8.035614e-001
6.572021e-001
5.039078e-001
3.444733e-001
1.813126e-001
1.609497e-002
-1.495789e-001
-3.135849e-001
-4.745056e-001
-6.300400e-001
-7.788330e-001
-9.198822e-001
-1.050420e+000
-1.169821e+000
-1.276460e+000
-1.369537e+000
-1.446585e+000
-1.509026e+000
-1.557649e+000
-1.562813e+000
-1.595714e+000
-1.600000e+000
-1.600000e+000
-1.569774e+000
-1.428549e+000
-1.395587e+000
-1.314870e+000
-1.213234e+000
-1.098676e+000
-9.724701e-001
-8.352844e-001
-6.894455e-001
-5.364059e-001
-3.771530e-001
-2.143646e-001
-4.896698e-002
1.164490e-001
2.809128e-001
4.418411e-001
5.976669e-001
7.469864e-001
8.882751e-001
1.019232e+000
1.139511e+000
1.246559e+000
1.340274e+000
1.418759e+000
1.480988e+000
1.532513e+000
1.539252e+000
1.561517e+000
1.575000e+000
1.575000e+000
1.557901e+000
1.410130e+000
1.367119e+000
1.294270e+000
1.193452e+000
1.079488e+000
9.537781e-001
8.170532e-001
6.716766e-001
5.189758e-001
3.599442e-001
1.971649e-001
3.185425e-002
-1.334625e-001
-2.979309e-001
-4.591797e-001
-6.155365e-001
-7.649307e-001
-9.065247e-001
-1.038435e+000
-1.158902e+000
-1.266718e+000
-1.361185e+000
-1.440088e+000
-1.503532e+000
-1.553000e+000
-1.563466e+000
-1.597046e+000
-1.600000e+000
-1.600000e+000
-1.569560e+000
-1.438377e+000
-1.404849e+000
-1.323727e+000
-1.223709e+000
-1.110246e+000
-9.849106e-001
-8.491394e-001
-7.036057e-001
-5.513885e-001
-3.927673e-001
-2.300964e-001
-6.494904e-002
1.007034e-001
2.650696e-001
4.263626e-001
5.833145e-001
7.328369e-001
8.750748e-001
1.007187e+000
1.128397e+000
1.237019e+000
1.331709e+000
1.412132e+000
1.476207e+000
1.518481e+000
1.560938e+000
1.575000e+000
1.575000e+000
1.557346e+000
1.499184e+000
1.460011e+000
1.387148e+000
1.303325e+000
1.203619e+000
1.091122e+000
9.663422e-001
8.305862e-001
6.859970e-001
5.338440e-001
3.754105e-001
2.129898e-001
4.798584e-002
-1.178101e-001
-2.821503e-001
-4.439590e-001
-6.005753e-001
-7.509964e-001
-8.933090e-001
-1.026192e+000
-1.147894e+000
-1.256903e+000
-1.352715e+000
-1.433124e+000
-1.498511e+000
-1.547696e+000
-1.564331e+000
-1.598022e+000
-1.600000e+000
-1.600000e+000
-1.567984e+000
-1.449014e+000
-1.413792e+000
-1.332603e+000
-1.233894e+000
-1.121695e+000
-9.975494e-001
-8.624115e-001
-7.181198e-001
-5.663544e-001
-4.080795e-001
-2.459030e-001
-8.099670e-002
8.478851e-002
2.495590e-001
4.110397e-001
5.683197e-001
7.189041e-001
8.617249e-001
9.950226e-001
1.117111e+000
1.227119e+000
1.323436e+000
1.404942e+000
1.470964e+000
1.514978e+000
1.560938e+000
1.575000e+000
1.574327e+000
1.543208e+000
1.524232e+000
1.459213e+000
1.395432e+000
1.311891e+000
1.213959e+000
1.102545e+000
9.786438e-001
8.441696e-001
7.002472e-001
5.487106e-001
3.909332e-001
2.286880e-001
6.387329e-002
-1.018158e-001
-2.665283e-001
-4.284363e-001
-5.858917e-001
-7.369034e-001
-8.799149e-001
-1.013846e+000
-1.136707e+000
-1.247160e+000
-1.343884e+000
-1.426352e+000
-1.492802e+000
-1.543031e+000
-1.564888e+000
-1.598534e+000
-1.600000e+000
-1.600000e+000
-1.564828e+000
-1.460408e+000
-1.422813e+000
-1.341283e+000
-1.244051e+000
-1.133046e+000
-1.009962e+000
-8.757782e-001
-7.323288e-001
-5.811890e-001
-4.237839e-001
-2.614334e-001
-9.693298e-002
6.899719e-002
2.336761e-001
3.955643e-001
5.535797e-001
7.048035e-001
8.482559e-001
9.826706e-001
1.106082e+000
1.216951e+000
1.314792e+000
1.397676e+000
1.464621e+000
1.518402e+000
1.535066e+000
1.569688e+000
1.575000e+000
1.575000e+000
1.557530e+000
1.435840e+000
1.394670e+000
1.320671e+000
1.223933e+000
1.113734e+000
9.910309e-001
8.576309e-001
7.143066e-001
5.636429e-001
4.064240e-001
2.444397e-001
7.976990e-002
-8.602753e-002
-2.507553e-001
-4.130371e-001
-5.709061e-001
-7.227219e-001
-8.665771e-001
-1.001511e+000
-1.125293e+000
-1.237036e+000
-1.335350e+000
-1.419304e+000
-1.487094e+000
-1.536987e+000
-1.583739e+000
-1.562697e+000
-1.593944e+000
-1.600000e+000
-1.599443e+000
-1.495958e+000
-1.393938e+000
-1.349873e+000
-1.253981e+000
-1.144292e+000
-1.022227e+000
-8.893280e-001
-7.463089e-001
-5.961166e-001
-4.388748e-001
-2.774841e-001
-1.127335e-001
5.305786e-002
2.177658e-001
3.805252e-001
5.385071e-001
6.903732e-001
8.349716e-001
9.702286e-001
1.094688e+000
1.206937e+000
1.305904e+000
1.390375e+000
1.459004e+000
1.513373e+000
1.534662e+000
1.570714e+000
1.575000e+000
1.575000e+000
1.555315e+000
1.443774e+000
1.405173e+000
1.329062e+000
1.233868e+000
1.124776e+000
1.003488e+000
8.708588e-001
7.283768e-001
5.785812e-001
4.215881e-001
2.601517e-001
9.582672e-002
-7.007751e-002
-2.350067e-001
-3.977005e-001
-5.560333e-001
-7.084351e-001
-8.528900e-001
-9.890610e-001
-1.114034e+000
-1.226816e+000
-1.326602e+000
-1.411464e+000
-1.481207e+000
-1.534648e+000
-1.564565e+000
-1.598804e+000
-1.600000e+000
-1.599876e+000
-1.551666e+000
-1.491620e+000
-1.437134e+000
-1.358339e+000
-1.263672e+000
-1.155522e+000
-1.034470e+000
-9.024338e-001
-7.605301e-001
-6.109390e-001
-4.542603e-001
-2.929230e-001
-1.286453e-001
3.701172e-002
2.020676e-001
3.648926e-001
5.235489e-001
6.762451e-001
8.214340e-001
9.574875e-001
1.083417e+000
1.196571e+000
1.297113e+000
1.382964e+000
1.452942e+000
1.508464e+000
1.534212e+000
1.571336e+000
1.575000e+000
1.575000e+000
1.551463e+000
1.453323e+000
1.414830e+000
1.337463e+000
1.243556e+000
1.135977e+000
1.015511e+000
8.841125e-001
7.425613e-001
5.931488e-001
4.370285e-001
2.757813e-001
1.116669e-001
-5.413208e-002
-2.192581e-001
-3.820908e-001
-5.410492e-001
-6.941742e-001
-8.394363e-001
-9.764084e-001
-1.102380e+000
-1.216507e+000
-1.317560e+000
-1.404341e+000
-1.474879e+000
-1.529919e+000
-1.564166e+000
-1.598969e+000
-1.600000e+000
-1.598131e+000
-1.547810e+000
-1.505168e+000
-1.444110e+000
-1.366673e+000
-1.273463e+000
-1.166487e+000
-1.046539e+000
-9.156281e-001
-7.745392e-001
-6.255997e-001
-4.695755e-001
-3.087296e-001
-1.444519e-001
2.102966e-002
1.863846e-001
3.493423e-001
5.086441e-001
6.617630e-001
8.077286e-001
9.450317e-001
1.071628e+000
1.186371e+000
1.288029e+000
1.375121e+000
1.448364e+000
1.499667e+000
1.550980e+000
1.537715e+000
1.569322e+000
1.575000e+000
1.575000e+000
1.511087e+000
1.373421e+000
1.345375e+000
1.253008e+000
1.146960e+000
1.027699e+000
8.970688e-001
7.565460e-001
6.078568e-001
4.523529e-001
2.913696e-001
1.275803e-001
-3.819122e-002
-2.034744e-001
-3.665955e-001
-5.259079e-001
-6.798019e-001
-8.258774e-001
-9.635437e-001
-1.090897e+000
-1.206018e+000
-1.308615e+000
-1.396425e+000
-1.468866e+000
-1.525206e+000
-1.563324e+000
-1.598969e+000
-1.600000e+000
-1.591417e+000
-1.553502e+000
-1.512746e+000
-1.452022e+000
-1.374681e+000
-1.283018e+000
-1.177309e+000
-1.058696e+000
-9.286316e-001
-7.883987e-001
-6.402420e-001
-4.848465e-001
-3.243927e-001
-1.604263e-001
5.238342e-003
1.705841e-001
3.336731e-001
4.935043e-001
6.475311e-001
7.940353e-001
9.323242e-001
1.059746e+000
1.176024e+000
1.278749e+000
1.367670e+000
1.440674e+000
1.499081e+000
1.532373e+000
1.571484e+000
1.575000e+000
1.574945e+000
1.535970e+000
1.483041e+000
1.428825e+000
1.354184e+000
1.262898e+000
1.157498e+000
1.039508e+000
9.104019e-001
7.704681e-001
6.222458e-001
4.674316e-001
3.073212e-001
1.433289e-001
-2.234955e-002
-1.875610e-001
-3.509186e-001
-5.109268e-001
-6.652512e-001
-8.122009e-001
-9.507614e-001
-1.079077e+000
-1.195656e+000
-1.299167e+000
-1.388770e+000
-1.463196e+000
-1.520924e+000
-1.556647e+000
-1.578392e+000
-1.600000e+000
-1.600000e+000
-1.599696e+000
-1.519252e+000
-1.428728e+000
-1.383218e+000
-1.292303e+000
-1.188078e+000
-1.070644e+000
-9.415421e-001
-8.026077e-001
-6.543533e-001
-5.002563e-001
-3.399185e-001
-1.762253e-001
-1.078186e-002
1.546783e-001
3.181564e-001
4.784363e-001
6.329025e-001
7.803513e-001
9.193054e-001
1.048227e+000
1.165170e+000
1.269682e+000
1.359560e+000
1.434720e+000
1.493669e+000
1.531165e+000
1.571484e+000
1.575000e+000
1.572308e+000
1.532660e+000
1.495004e+000
1.436172e+000
1.361963e+000
1.272205e+000
1.168324e+000
1.051471e+000
9.230789e-001
7.843475e-001
6.368546e-001
4.828903e-001
3.224899e-001
1.592789e-001
-6.297302e-003
-1.717926e-001
-3.353500e-001
-4.956833e-001
-6.507721e-001
-7.983826e-001
-9.379044e-001
-1.067397e+000
-1.184663e+000
-1.289973e+000
-1.380663e+000
-1.456854e+000
-1.516235e+000
-1.552638e+000
-1.580516e+000
-1.600000e+000
-1.600000e+000
-1.599205e+000
-1.519031e+000
-1.442451e+000
-1.390939e+000
-1.301782e+000
-1.198518e+000
-1.082494e+000
-9.544296e-001
-8.161987e-001
-6.693436e-001
-5.150803e-001
-3.556137e-001
-1.919052e-001
-2.688141e-002
1.389450e-001
3.025299e-001
4.631653e-001
6.184616e-001
7.663742e-001
9.064056e-001
1.036345e+000
1.154478e+000
1.260231e+000
1.351741e+000
1.428183e+000
1.487875e+000
1.532048e+000
1.544875e+000
1.574657e+000
1.575000e+000
1.575000e+000
1.520122e+000
1.403703e+000
1.369389e+000
1.281641e+000
1.178723e+000
1.063327e+000
9.357681e-001
7.980896e-001
6.516006e-001
4.975937e-001
3.383743e-001
1.750275e-001
9.593201e-003
-1.557526e-001
-3.200012e-001
-4.804153e-001
-6.360840e-001
-7.845184e-001
-9.249222e-001
-1.055209e+000
-1.174251e+000
-1.280339e+000
-1.372684e+000
-1.450017e+000
-1.511153e+000
-1.550020e+000
-1.581200e+000
-1.600000e+000
-1.600000e+000
-1.597923e+000
-1.518704e+000
-1.456088e+000
-1.398796e+000
-1.310983e+000
-1.209149e+000
-1.094080e+000
-9.672806e-001
-8.297791e-001
-6.837891e-001
-5.303513e-001
-3.709229e-001
-2.080460e-001
-4.266510e-002
1.231522e-001
2.868286e-001
4.479294e-001
6.038757e-001
7.523041e-001
8.936493e-001
1.024117e+000
1.143759e+000
1.250526e+000
1.343581e+000
1.421585e+000
1.482727e+000
1.528386e+000
1.546107e+000
1.574815e+000
1.575000e+000
1.575000e+000
1.517575e+000
1.417929e+000
1.377342e+000
1.290558e+000
1.189197e+000
1.075096e+000
9.485275e-001
8.118240e-001
6.655487e-001
5.131683e-001
3.535980e-001
1.910126e-001
2.552338e-002
-1.399796e-001
-3.042160e-001
-4.653656e-001
-6.211807e-001
-7.706894e-001
-9.119095e-001
-1.043077e+000
-1.163385e+000
-1.270691e+000
-1.364275e+000
-1.443286e+000
-1.506256e+000
-1.546344e+000
-1.582202e+000
-1.600000e+000
-1.600000e+000
-1.595488e+000
-1.519250e+000
-1.470154e+000
-1.405690e+000
-1.320079e+000
-1.219560e+000
-1.105661e+000
-9.800110e-001
-8.434448e-001
-6.980240e-001
-5.454468e-001
-3.864594e-001
-2.237152e-001
-5.872040e-002
1.072510e-001
2.711716e-001
4.327103e-001
5.891251e-001
7.383865e-001
8.803436e-001
1.012135e+000
1.132829e+000
1.240752e+000
1.335349e+000
1.414496e+000
1.478787e+000
1.521651e+000
1.548860e+000
1.574986e+000
1.575000e+000
1.574945e+000
1.515213e+000
1.431245e+000
1.385097e+000
1.299660e+000
1.199536e+000
1.086493e+000
9.612732e-001
8.252625e-001
6.802277e-001
5.279221e-001
3.691620e-001
2.067093e-001
4.147797e-002
-1.240433e-001
-2.885101e-001
-4.499741e-001
-6.067337e-001
-7.565353e-001
-8.985840e-001
-1.031059e+000
-1.152289e+000
-1.260915e+000
-1.356186e+000
-1.436031e+000
-1.501237e+000
-1.542572e+000
-1.582855e+000
-1.600000e+000
-1.600000e+000
-1.591478e+000
-1.521509e+000
-1.483517e+000
-1.412442e+000
-1.329062e+000
-1.229700e+000
-1.117216e+000
-9.924820e-001
-8.570251e-001
-7.124451e-001
-5.602966e-001
-4.021057e-001
-2.393234e-001
-7.455750e-002
9.098053e-002
2.559174e-001
4.171051e-001
5.744385e-001
7.243118e-001
8.671127e-001
9.999466e-001
1.121687e+000
1.231038e+000
1.326843e+000
1.407704e+000
1.472507e+000
1.522630e+000
1.554956e+000
1.541762e+000
1.573888e+000
1.575000e+000
1.569841e+000
1.436954e+000
1.367628e+000
1.308211e+000
1.210005e+000
1.097771e+000
9.737656e-001
8.388123e-001
6.945953e-001
5.426773e-001
3.847412e-001
2.223892e-001
5.756378e-002
-1.082092e-001
-2.728729e-001
-4.346359e-001
-5.918839e-001
-7.422897e-001
-8.855118e-001
-1.018825e+000
-1.140993e+000
-1.251186e+000
-1.347484e+000
-1.429172e+000
-1.494647e+000
-1.548279e+000
-1.561287e+000
-1.588715e+000
-1.600000e+000
-1.600000e+000
-1.589632e+000
-1.456567e+000
-1.405035e+000
-1.337935e+000
-1.239742e+000
-1.128647e+000
-1.005003e+000
-8.705566e-001
-7.264801e-001
-5.752701e-001
-4.175812e-001
-2.552399e-001
-9.041290e-002
7.527771e-002
2.399750e-001
4.019043e-001
5.594116e-001
7.103302e-001
8.537888e-001
9.876617e-001
1.110484e+000
1.221010e+000
1.318266e+000
1.400668e+000
1.467688e+000
1.513866e+000
1.549782e+000
1.575000e+000
1.575000e+000
1.572374e+000
1.507544e+000
1.463066e+000
1.399033e+000
1.316624e+000
1.220142e+000
1.109085e+000
9.862854e-001
8.522079e-001
7.085098e-001
5.579086e-001
4.001053e-001
2.380875e-001
7.349548e-002
-9.243317e-002
-2.569672e-001
-4.191849e-001
-5.771530e-001
-7.281586e-001
-8.721146e-001
-1.006433e+000
-1.129846e+000
-1.241110e+000
-1.338748e+000
-1.422069e+000
-1.490224e+000
-1.535837e+000
-1.582178e+000
-1.600000e+000
-1.598888e+000
-1.566762e+000
-1.561810e+000
-1.488087e+000
-1.427646e+000
-1.346536e+000
-1.249893e+000
-1.139842e+000
-1.017410e+000
-8.837646e-001
-7.408279e-001
-5.902512e-001
-4.326721e-001
-2.711075e-001
-1.062820e-001
5.928192e-002
2.242111e-001
3.865570e-001
5.444977e-001
6.961243e-001
8.404160e-001
9.752975e-001
1.099072e+000
1.211066e+000
1.309459e+000
1.393320e+000
1.462119e+000
1.510013e+000
1.549507e+000
1.575000e+000
1.575000e+000
1.567523e+000
1.511159e+000
1.472980e+000
1.406291e+000
1.325859e+000
1.229811e+000
1.120430e+000
9.984726e-001
8.655899e-001
7.229309e-001
5.723450e-001
4.156509e-001
2.536942e-001
8.957520e-002
-7.640839e-002
-2.416306e-001
-4.034988e-001
-5.621735e-001
-7.140930e-001
-8.585770e-001
-9.939423e-001
-1.118445e+000
-1.231081e+000
-1.329956e+000
-1.414793e+000
-1.483246e+000
-1.538579e+000
-1.558472e+000
-1.592944e+000
-1.600000e+000
-1.600000e+000
-1.587688e+000
-1.470947e+000
-1.425435e+000
-1.354959e+000
-1.259901e+000
-1.150897e+000
-1.029622e+000
-8.972458e-001
-7.547119e-001
-6.051086e-001
-4.482498e-001
-2.865097e-001
-1.223633e-001
4.345703e-002
2.083054e-001
3.712738e-001
5.294678e-001
6.820007e-001
8.267227e-001
9.628601e-001
1.087610e+000
1.200826e+000
1.300740e+000
1.385802e+000
1.456282e+000
1.506255e+000
1.548738e+000
1.574998e+000
1.575000e+000
1.554468e+000
1.529539e+000
1.476189e+000
1.413416e+000
1.334319e+000
1.239563e+000
1.131657e+000
1.010684e+000
8.786499e-001
7.370880e-001
5.871658e-001
4.309097e-001
2.695496e-001
1.052429e-001
-6.059875e-002
-2.252975e-001
-3.884888e-001
-5.470200e-001
-6.999084e-001
-8.449905e-001
-9.813232e-001
-1.107077e+000
-1.220718e+000
-1.321115e+000
-1.407072e+000
-1.478587e+000
-1.528793e+000
-1.580125e+000
-1.580170e+000
-1.570479e+000
-1.599742e+000
-1.600000e+000
-1.526532e+000
-1.397665e+000
-1.363330e+000
-1.269589e+000
-1.162022e+000
-1.041681e+000
-9.105194e-001
-7.688705e-001
-6.195038e-001
-4.636917e-001
-3.023315e-001
-1.381912e-001
2.760773e-002
1.925079e-001
3.555695e-001
5.147049e-001
6.674774e-001
8.132675e-001
9.500961e-001
1.076274e+000
1.190591e+000
1.291577e+000
1.378429e+000
1.449883e+000
1.502702e+000
1.547493e+000
1.574986e+000
1.565717e+000
1.538338e+000
1.568513e+000
1.483253e+000
1.407767e+000
1.342479e+000
1.249457e+000
1.142360e+000
1.023026e+000
8.917526e-001
7.509003e-001
6.021545e-001
4.460495e-001
2.852600e-001
1.212189e-001
-4.476013e-002
-2.096786e-001
-3.727783e-001
-5.319901e-001
-6.854538e-001
-8.315002e-001
-9.687317e-001
-1.095338e+000
-1.210439e+000
-1.311996e+000
-1.399841e+000
-1.471046e+000
-1.528906e+000
-1.556311e+000
-1.594688e+000
-1.600000e+000
-1.600000e+000
-1.581229e+000
-1.486404e+000
-1.446246e+000
-1.371640e+000
-1.279199e+000
-1.172935e+000
-1.053790e+000
-9.235489e-001
-7.829071e-001
-6.342163e-001
-4.788651e-001
-3.179398e-001
-1.541840e-001
1.175995e-002
1.766693e-001
3.399857e-001
4.996674e-001
6.531693e-001
7.995453e-001
9.374466e-001
1.064516e+000
1.180223e+000
1.282480e+000
1.370668e+000
1.443587e+000
1.501540e+000
1.529716e+000
1.563715e+000
1.575000e+000
1.575000e+000
1.569037e+000
1.468123e+000
1.415707e+000
1.350319e+000
1.258978e+000
1.153462e+000
1.034781e+000
9.049866e-001
7.649292e-001
6.164856e-001
4.614609e-001
3.007202e-001
1.371918e-001
-2.866516e-002
-1.939407e-001
-3.573090e-001
-5.169312e-001
-6.709106e-001
-8.177917e-001
-9.561356e-001
-1.083536e+000
-1.199937e+000
-1.302927e+000
-1.391833e+000
-1.464935e+000
-1.524113e+000
-1.555281e+000
-1.594688e+000
-1.600000e+000
-1.600000e+000
-1.574213e+000
-1.499043e+000
-1.454341e+000
-1.379770e+000
-1.288829e+000
-1.183742e+000
-1.065671e+000
-9.365479e-001
-7.968140e-001
-6.489456e-001
-4.939285e-001
-3.335190e-001
-1.702591e-001
-4.145813e-003
1.608994e-001
3.245743e-001
4.844162e-001
6.387589e-001
7.856644e-001
9.246872e-001
1.052898e+000
1.169566e+000
1.273166e+000
1.363071e+000
1.436919e+000
1.494572e+000
1.544391e+000
1.548769e+000
1.551538e+000
1.575000e+000
1.575000e+000
1.538281e+000
1.383072e+000
1.353163e+000
1.268515e+000
1.164026e+000
1.046788e+000
9.177658e-001
7.789474e-001
6.310699e-001
4.765945e-001
3.164139e-001
1.529816e-001
-1.278687e-002
-1.780106e-001
-3.417191e-001
-5.018219e-001
-6.565048e-001
-8.039398e-001
-9.430618e-001
-1.072035e+000
-1.189145e+000
-1.293745e+000
-1.383719e+000
-1.459169e+000
-1.518407e+000
-1.554340e+000
-1.594507e+000
-1.600000e+000
-1.599986e+000
-1.565735e+000
-1.513231e+000
-1.461842e+000
-1.387680e+000
-1.298311e+000
-1.194231e+000
-1.077614e+000
-9.493866e-001
-8.107330e-001
-6.633499e-001
-5.091812e-001
-3.492508e-001
-1.858368e-001
-2.027283e-002
1.450897e-001
3.090988e-001
4.690399e-001
6.242889e-001
7.720764e-001
9.116486e-001
1.040895e+000
1.159018e+000
1.263722e+000
1.355087e+000
1.430896e+000
1.491133e+000
1.525928e+000
1.564989e+000
1.575000e+000
1.575000e+000
1.560995e+000
1.480626e+000
1.437350e+000
1.366531e+000
1.277713e+000
1.174583e+000
1.058621e+000
9.307312e-001
7.925735e-001
6.455994e-001
4.918625e-001
3.319077e-001
1.688431e-001
3.132629e-003
-1.621567e-001
-3.261002e-001
-4.867584e-001
-6.417770e-001
-7.900879e-001
-9.301682e-001
-1.060048e+000
-1.178578e+000
-1.284198e+000
-1.375676e+000
-1.452744e+000
-1.512204e+000
-1.559338e+000
-1.565535e+000
-1.598338e+000
-1.600000e+000
-1.600000e+000
-1.556311e+000
-1.423961e+000
-1.393318e+000
-1.307318e+000
-1.204984e+000
-1.089444e+000
-9.621094e-001
-8.245102e-001
-6.777710e-001
-5.242752e-001
-3.649063e-001
-2.015244e-001
-3.631134e-002
1.292847e-001
2.934265e-001
4.538940e-001
6.095978e-001
7.581558e-001
8.986282e-001
1.029204e+000
1.147874e+000
1.254518e+000
1.346841e+000
1.423788e+000
1.485397e+000
1.535304e+000
1.537524e+000
1.567308e+000
1.575000e+000
1.575000e+000
1.548347e+000
1.400302e+000
1.366405e+000
1.287029e+000
1.185074e+000
1.070317e+000
9.434601e-001
8.064575e-001
6.598785e-001
5.067795e-001
3.475754e-001
1.846649e-001
1.917267e-002
-1.464172e-001
-3.103455e-001
-4.715607e-001
-6.271072e-001
-7.762329e-001
-9.171326e-001
-1.048071e+000
-1.167511e+000
-1.274779e+000
-1.367567e+000
-1.445959e+000
-1.507886e+000
-1.550366e+000
-1.594507e+000
-1.600000e+000
-1.579820e+000
-1.570790e+000
-1.555817e+000
-1.458377e+000
-1.403499e+000
-1.316458e+000
-1.215355e+000
-1.101042e+000
-9.748383e-001
-8.380936e-001
-6.923050e-001
-5.393539e-001
-3.802841e-001
-2.174118e-001
-5.223541e-002
1.134293e-001
2.776932e-001
4.387146e-001
5.948715e-001
7.442871e-001
8.854599e-001
1.017032e+000
1.137111e+000
1.244897e+000
1.338419e+000
1.417480e+000
1.479791e+000
1.530486e+000
1.537294e+000
1.569867e+000
1.575000e+000
1.575000e+000
1.549229e+000
1.409975e+000
1.374884e+000
1.296094e+000
1.195438e+000
1.081802e+000
9.563019e-001
8.197067e-001
6.746719e-001
5.218292e-001
3.630386e-001
2.003860e-001
3.502045e-002
-1.304321e-001
-2.949265e-001
-4.558823e-001
-6.126556e-001
-7.620941e-001
-9.041260e-001
-1.035825e+000
-1.156688e+000
-1.264984e+000
-1.359256e+000
-1.439084e+000
-1.502603e+000
-1.548592e+000
-1.593553e+000
-1.577660e+000
-1.572786e+000
-1.599945e+000
-1.587961e+000
-1.451578e+000
-1.397021e+000
-1.325349e+000
-1.225761e+000
-1.112524e+000
-9.875320e-001
-8.516037e-001
-7.065628e-001
-5.545731e-001
-3.955826e-001
-2.333755e-001
-6.800690e-002
9.735107e-002
2.621841e-001
4.233566e-001
5.800842e-001
7.302353e-001
8.724243e-001
1.004767e+000
1.126091e+000
1.235020e+000
1.330148e+000
1.410611e+000
1.474353e+000
1.525993e+000
1.537514e+000
1.571185e+000
1.575000e+000
1.575000e+000
1.548500e+000
1.419569e+000
1.384319e+000
1.304851e+000
1.205931e+000
1.093106e+000
9.688995e-001
8.334579e-001
6.885818e-001
5.369247e-001
3.786087e-001
2.159897e-001
5.118713e-002
-1.147125e-001
-2.790176e-001
-4.408112e-001
-5.976791e-001
-7.481903e-001
-8.907043e-001
-1.023688e+000
-1.145647e+000
-1.255075e+000
-1.350952e+000
-1.432054e+000
-1.496927e+000
-1.545782e+000
-1.587675e+000
-1.562715e+000
-1.593353e+000
-1.600000e+000
-1.595850e+000
-1.466690e+000
-1.391928e+000
-1.334160e+000
-1.235951e+000
-1.123950e+000
-9.999283e-001
-8.653320e-001
-7.207535e-001
-5.693161e-001
-4.112335e-001
-2.489746e-001
-8.416138e-002
8.170319e-002
2.462128e-001
4.080688e-001
5.653854e-001
7.161240e-001
8.591202e-001
9.924667e-001
1.114986e+000
1.225172e+000
1.321463e+000
1.403726e+000
1.468884e+000
1.521101e+000
1.537866e+000
1.572179e+000
1.575000e+000
1.575000e+000
1.546742e+000
1.429318e+000
1.393808e+000
1.313675e+000
1.215898e+000
1.104636e+000
9.813248e-001
8.466782e-001
7.032272e-001
5.515488e-001
3.940994e-001
2.318771e-001
6.697083e-002
-9.868927e-002
-2.634323e-001
-4.253006e-001
-5.830566e-001
-7.338989e-001
-8.774155e-001
-1.011377e+000
-1.134392e+000
-1.245076e+000
-1.342432e+000
-1.424785e+000
-1.491708e+000
-1.541014e+000
-1.569733e+000
-1.599701e+000
-1.600000e+000
-1.599701e+000
-1.543364e+000
-1.478296e+000
-1.425449e+000
-1.342821e+000
-1.245935e+000
-1.135338e+000
-1.012407e+000
-8.786026e-001
-7.350174e-001
-5.841858e-001
-4.266891e-001
-2.646805e-001
-1.000351e-001
6.569366e-002
2.305298e-001
3.927444e-001
5.505096e-001
7.017761e-001
8.458099e-001
9.801956e-001
1.103662e+000
1.215092e+000
1.313115e+000
1.396069e+000
1.463658e+000
1.515955e+000
1.538177e+000
1.572911e+000
1.575000e+000
1.575000e+000
1.543565e+000
1.440364e+000
1.402550e+000
1.322408e+000
1.225847e+000
1.115862e+000
9.937531e-001
8.602020e-001
7.172134e-001
5.665329e-001
4.093292e-001
2.475815e-001
8.298187e-002
-8.283386e-002
-2.474686e-001
-4.100662e-001
-5.681915e-001
-7.195816e-001
-8.641388e-001
-9.988876e-001
-1.123126e+000
-1.234840e+000
-1.333873e+000
-1.417340e+000
-1.486150e+000
-1.536479e+000
-1.569983e+000
-1.599780e+000
-1.600000e+000
-1.598131e+000
-1.538803e+000
-1.495033e+000
-1.431053e+000
-1.351447e+000
-1.255949e+000
-1.146503e+000
-1.024760e+000
-8.918030e-001
-7.492752e-001
-5.989807e-001
-4.421585e-001
-2.802597e-001
-1.160126e-001
4.983826e-002
2.147888e-001
3.772446e-001
5.355972e-001
6.875824e-001
8.321518e-001
9.679489e-001
1.092282e+000
1.204921e+000
1.304114e+000
1.389119e+000
1.458290e+000
1.508905e+000
1.555858e+000
1.537758e+000
1.569688e+000
1.575000e+000
1.574930e+000
1.483838e+000
1.368436e+000
1.330890e+000
1.235847e+000
1.127052e+000
1.005791e+000
8.736191e-001
7.312286e-001
5.812393e-001
4.248459e-001
2.632568e-001
9.895935e-002
-6.693573e-002
-2.318497e-001
-3.946243e-001
-5.531418e-001
-7.052826e-001
-8.506180e-001
-9.863312e-001
-1.111812e+000
-1.224635e+000
-1.324889e+000
-1.410339e+000
-1.479881e+000
-1.535204e+000
-1.563283e+000
-1.578392e+000
-1.600000e+000
-1.600000e+000
-1.598683e+000
-1.494991e+000
-1.409682e+000
-1.359981e+000
-1.265747e+000
-1.157568e+000
-1.036890e+000
-9.051483e-001
-7.631851e-001
-6.140167e-001
-4.571701e-001
-2.960678e-001
-1.319183e-001
3.388519e-002
1.989655e-001
3.618195e-001
5.206192e-001
6.732590e-001
8.187805e-001
9.551331e-001
1.080902e+000
1.194608e+000
1.295348e+000
1.381290e+000
1.452945e+000
1.504530e+000
1.548547e+000
1.540535e+000
1.573338e+000
1.575000e+000
1.574998e+000
1.493474e+000
1.374049e+000
1.339098e+000
1.245656e+000
1.138110e+000
1.017935e+000
8.866745e-001
7.452637e-001
5.962082e-001
4.400116e-001
2.788727e-001
1.148651e-001
-5.098114e-002
-2.160950e-001
-3.789429e-001
-5.382553e-001
-6.909637e-001
-8.370987e-001
-9.737183e-001
-1.100067e+000
-1.214619e+000
-1.315643e+000
-1.402765e+000
-1.474025e+000
-1.530740e+000
-1.558728e+000
-1.582202e+000
-1.600000e+000
-1.600000e+000
-1.598367e+000
-1.499283e+000
-1.420450e+000
-1.368396e+000
-1.275362e+000
-1.168573e+000
-1.049020e+000
-9.182632e-001
-7.772461e-001
-6.285110e-001
-4.726807e-001
-3.116257e-001
-1.478378e-001
1.800995e-002
1.830795e-001
3.464645e-001
5.053558e-001
6.590546e-001
8.052032e-001
9.422089e-001
1.069479e+000
1.184236e+000
1.286276e+000
1.373633e+000
1.446683e+000
1.500624e+000
1.542255e+000
1.544295e+000
1.574559e+000
1.575000e+000
1.574998e+000
1.498622e+000
1.383279e+000
1.347568e+000
1.255112e+000
1.148993e+000
1.030048e+000
8.996323e-001
7.593750e-001
6.108170e-001
4.553604e-001
2.944305e-001
1.308228e-001
-3.520050e-002
-2.001358e-001
-3.635666e-001
-5.230240e-001
-6.766418e-001
-8.233795e-001
-9.610031e-001
-1.088475e+000
-1.204025e+000
-1.306682e+000
-1.395018e+000
-1.467632e+000
-1.523869e+000
-1.567482e+000
-1.599701e+000
-1.586229e+000
-1.565724e+000
-1.598279e+000
-1.527576e+000
-1.429454e+000
-1.376746e+000
-1.284912e+000
-1.179330e+000
-1.061035e+000
-9.313721e-001
-7.912689e-001
-6.428741e-001
-4.880463e-001
-3.273682e-001
-1.635147e-001
1.846313e-003
1.675507e-001
3.305862e-001
4.905914e-001
6.444275e-001
7.913651e-001
9.297043e-001
1.057649e+000
1.173718e+000
1.277090e+000
1.366068e+000
1.439278e+000
1.497636e+000
1.535736e+000
1.573236e+000
1.575000e+000
1.564740e+000
1.532576e+000
1.493182e+000
1.430763e+000
1.355119e+000
1.264790e+000
1.159729e+000
1.041911e+000
9.128860e-001
7.731171e-001
6.253830e-001
4.703964e-001
3.102432e-001
1.466751e-001
-1.918640e-002
-1.844986e-001
-3.478134e-001
-5.080093e-001
-6.621063e-001
-8.096344e-001
-9.482773e-001
-1.076674e+000
-1.193513e+000
-1.297318e+000
-1.387199e+000
-1.461217e+000
-1.519653e+000
-1.565779e+000
-1.590036e+000
-1.563429e+000
-1.596484e+000
-1.600000e+000
-1.563008e+000
-1.412180e+000
-1.379736e+000
-1.294476e+000
-1.190114e+000
-1.072946e+000
-9.441010e-001
-8.053207e-001
-6.573242e-001
-5.032928e-001
-3.428833e-001
-1.795380e-001
-1.400146e-002
1.517151e-001
3.150284e-001
4.752853e-001
6.301270e-001
7.776169e-001
9.167389e-001
1.045905e+000
1.162964e+000
1.267697e+000
1.358319e+000
1.433649e+000
1.492332e+000
1.530690e+000
1.551538e+000
1.575000e+000
1.575000e+000
1.574901e+000
1.501396e+000
1.407362e+000
1.363550e+000
1.274146e+000
1.170346e+000
1.053908e+000
9.256104e-001
7.870255e-001
6.398087e-001
4.856537e-001
3.259125e-001
1.623795e-001
-3.257751e-003
-1.685104e-001
-3.323822e-001
-4.926300e-001
-6.479294e-001
-7.955307e-001
-9.353836e-001
-1.064833e+000
-1.182784e+000
-1.288083e+000
-1.378973e+000
-1.454974e+000
-1.514458e+000
-1.564229e+000
-1.574895e+000
-1.575002e+000
-1.600000e+000
-1.600000e+000
-1.574013e+000
-1.418323e+000
-1.383202e+000
-1.303722e+000
-1.200705e+000
-1.084837e+000
-9.569412e-001
-8.189362e-001
-6.720108e-001
-5.184006e-001
-3.584183e-001
-1.952881e-001
-2.988434e-002
1.356400e-001
2.994995e-001
4.601822e-001
6.154022e-001
7.637253e-001
9.038284e-001
1.033963e+000
1.152394e+000
1.258200e+000
1.350063e+000
1.427132e+000
1.487440e+000
1.527211e+000
1.553027e+000
1.575000e+000
1.575000e+000
1.574512e+000
1.499934e+000
1.421790e+000
1.371141e+000
1.283372e+000
1.180959e+000
1.065514e+000
9.385132e-001
8.007355e-001
6.543610e-001
5.007004e-001
3.413834e-001
1.781357e-001
1.289215e-002
-1.527008e-001
-3.167389e-001
-4.776154e-001
-6.329071e-001
-7.818787e-001
-9.224670e-001
-1.052754e+000
-1.171965e+000
-1.278502e+000
-1.371080e+000
-1.448087e+000
-1.510155e+000
-1.560118e+000
-1.564656e+000
-1.586517e+000
-1.600000e+000
-1.600000e+000
-1.579529e+000
-1.427483e+000
-1.388326e+000
-1.312828e+000
-1.211211e+000
-1.096481e+000
-9.697800e-001
-8.325516e-001
-6.865631e-001
-5.333359e-001
-3.739609e-001
-2.113068e-001
-4.567566e-002
1.197083e-001
2.839645e-001
4.448807e-001
6.007431e-001
7.498566e-001
8.907486e-001
1.021925e+000
1.141438e+000
1.248692e+000
1.341856e+000
1.420172e+000
1.482048e+000
1.530614e+000
1.557904e+000
1.541328e+000
1.573717e+000
1.575000e+000
1.561482e+000
1.412531e+000
1.362605e+000
1.292276e+000
1.191568e+000
1.077142e+000
9.511108e-001
8.144760e-001
6.687057e-001
5.157425e-001
3.567978e-001
1.942200e-001
2.865448e-002
-1.367355e-001
-3.012268e-001
-4.620972e-001
-6.185669e-001
-7.677216e-001
-9.092926e-001
-1.040720e+000
-1.161172e+000
-1.268834e+000
-1.362567e+000
-1.442062e+000
-1.504938e+000
-1.545557e+000
-1.587364e+000
-1.600000e+000
-1.600000e+000
-1.583116e+000
-1.518994e+000
-1.480737e+000
-1.406595e+000
-1.321939e+000
-1.221547e+000
-1.108060e+000
-9.823120e-001
-8.463654e-001
-7.007797e-001
-5.484283e-001
-3.895950e-001
-2.268661e-001
-6.182251e-002
1.038879e-001
2.684006e-001
4.295868e-001
5.858078e-001
7.361008e-001
8.774078e-001
1.009901e+000
1.130511e+000
1.239014e+000
1.333357e+000
1.413501e+000
1.476724e+000
1.528197e+000
1.545186e+000
1.552289e+000
1.575000e+000
1.575000e+000
1.565538e+000
1.423203e+000
1.366393e+000
1.301349e+000
1.201750e+000
1.088657e+000
9.638626e-001
8.279205e-001
6.830170e-001
5.308701e-001
3.723648e-001
2.097992e-001
4.462738e-002
-1.207794e-001
-2.856155e-001
-4.468124e-001
-6.037140e-001
-7.537430e-001
-8.960861e-001
-1.028572e+000
-1.149973e+000
-1.259143e+000
-1.354367e+000
-1.434904e+000
-1.499699e+000
-1.542188e+000
-1.587640e+000
-1.600000e+000
-1.599925e+000
-1.572095e+000
-1.537012e+000
-1.483411e+000
-1.415178e+000
-1.330817e+000
-1.231921e+000
-1.119310e+000
-9.950577e-001
-8.597855e-001
-7.151459e-001
-5.632629e-001
-4.051865e-001
-2.425735e-001
-7.764587e-002
8.784332e-002
2.526672e-001
4.142365e-001
5.711838e-001
7.218582e-001
8.644730e-001
9.973633e-001
1.119522e+000
1.229002e+000
1.325093e+000
1.406404e+000
1.472429e+000
1.515254e+000
1.555859e+000
1.575000e+000
1.575000e+000
1.567197e+000
1.499893e+000
1.463568e+000
1.392726e+000
1.309924e+000
1.211880e+000
1.100154e+000
9.761124e-001
8.417358e-001
6.970947e-001
5.458969e-001
3.877975e-001
2.254654e-001
6.079102e-002
-1.051788e-001
-2.696960e-001
-4.316330e-001
-5.887039e-001
-7.398102e-001
-8.826126e-001
-1.016405e+000
-1.138922e+000
-1.249060e+000
-1.345810e+000
-1.427852e+000
-1.494270e+000
-1.539801e+000
-1.586517e+000
-1.600000e+000
-1.589488e+000
-1.563857e+000
-1.575711e+000
-1.475284e+000
-1.420682e+000
-1.339706e+000
-1.241846e+000
-1.130655e+000
-1.007698e+000
-8.730026e-001
-7.294418e-001
-5.783035e-001
-4.204758e-001
-2.583191e-001
-9.378815e-002
7.228546e-002
2.366730e-001
3.990158e-001
5.563873e-001
7.074341e-001
8.512909e-001
9.850098e-001
1.108366e+000
1.219064e+000
1.316385e+000
1.399283e+000
1.467046e+000
1.511420e+000
1.555804e+000
1.575000e+000
1.575000e+000
1.559111e+000
1.511053e+000
1.468811e+000
1.401230e+000
1.318864e+000
1.221893e+000
1.111409e+000
9.886322e-001
8.549133e-001
7.115417e-001
5.606003e-001
4.031631e-001
2.414612e-001
7.637177e-002
-8.905334e-002
-2.539642e-001
-4.161942e-001
-5.739960e-001
-7.253784e-001
-8.695190e-001
-1.003915e+000
-1.127560e+000
-1.239125e+000
-1.337210e+000
-1.420305e+000
-1.488100e+000
-1.541547e+000
-1.560732e+000
-1.596031e+000
-1.600000e+000
-1.600000e+000
-1.578311e+000
-1.463263e+000
-1.424933e+000
-1.348218e+000
-1.251808e+000
-1.142067e+000
-1.019899e+000
-8.864746e-001
-7.436569e-001
-5.928909e-001
-4.360626e-001
-2.741486e-001
-1.093994e-001
5.611725e-002
2.211182e-001
3.834381e-001
5.412857e-001
6.937912e-001
8.374496e-001
9.727676e-001
1.096898e+000
1.209090e+000
1.307686e+000
1.391922e+000
1.459961e+000
1.515404e+000
1.533911e+000
1.565234e+000
1.575000e+000
1.575000e+000
1.566481e+000
1.445857e+000
1.393941e+000
1.327348e+000
1.231903e+000
1.122653e+000
1.000868e+000
8.681870e-001
7.256821e-001
5.754272e-001
4.185165e-001
2.571075e-001
9.236908e-002
-7.317047e-002
-2.380890e-001
-4.008423e-001
-5.590759e-001
-7.112839e-001
-8.558487e-001
-9.914551e-001
-1.116245e+000
-1.228856e+000
-1.328502e+000
-1.413075e+000
-1.482874e+000
-1.532912e+000
-1.583748e+000
-1.566328e+000
-1.585345e+000
-1.600000e+000
-1.599985e+000
-1.514000e+000
-1.393411e+000
-1.356378e+000
-1.261824e+000
-1.153110e+000
-1.032217e+000
-8.996735e-001
-7.578415e-001
-6.076508e-001
-4.513519e-001
-2.897736e-001
-1.256027e-001
4.043121e-002
2.053146e-001
3.678391e-001
5.267288e-001
6.790405e-001
8.242126e-001
9.600403e-001
1.085558e+000
1.198889e+000
1.298853e+000
1.384215e+000
1.455432e+000
1.504524e+000
1.554027e+000
1.574193e+000
1.542702e+000
1.558496e+000
1.573802e+000
1.480438e+000
1.392323e+000
1.335860e+000
1.241650e+000
1.133580e+000
1.013202e+000
8.814346e-001
7.395294e-001
5.903854e-001
4.338745e-001
2.727173e-001
1.083481e-001
-5.731506e-002
-2.223846e-001
-3.852768e-001
-5.440353e-001
-6.969757e-001
-8.423904e-001
-9.788498e-001
-1.104683e+000
-1.218779e+000
-1.319354e+000
-1.405379e+000
-1.477637e+000
-1.527718e+000
-1.579147e+000
-1.562715e+000
-1.593353e+000
-1.600000e+000
-1.600000e+000
-1.526646e+000
-1.395877e+000
-1.364743e+000
-1.271602e+000
-1.164203e+000
-1.044160e+000
-9.129181e-001
-7.717865e-001
-6.224823e-001
-4.665985e-001
-3.055298e-001
-1.412933e-001
2.424164e-002
1.895737e-001
3.525085e-001
5.115570e-001
6.647598e-001
8.105713e-001
9.475037e-001
1.073964e+000
1.188496e+000
1.289769e+000
1.377138e+000
1.447987e+000
1.505539e+000
1.531111e+000
1.567944e+000
1.575000e+000
1.575000e+000
1.562413e+000
1.458170e+000
1.415977e+000
1.344107e+000
1.251353e+000
1.144438e+000
1.025345e+000
8.946213e-001
7.536011e-001
6.049728e-001
4.491425e-001
2.882645e-001
1.243027e-001
-4.137573e-002
-2.065155e-001
-3.697739e-001
-5.290314e-001
-6.826050e-001
-8.287338e-001
-9.660995e-001
-1.093246e+000
-1.208228e+000
-1.310210e+000
-1.398097e+000
-1.471051e+000
-1.524611e+000
-1.570650e+000
-1.564680e+000
-1.597797e+000
-1.600000e+000
-1.600000e+000
-1.535271e+000
-1.401929e+000
-1.372751e+000
-1.281151e+000
-1.175031e+000
-1.056349e+000
-9.258820e-001
-7.857056e-001
-6.373184e-001
-4.817352e-001
-3.210892e-001
-1.572754e-001
8.290100e-003
1.738220e-001
3.368591e-001
4.967148e-001
6.500824e-001
7.970367e-001
9.347748e-001
1.062259e+000
1.178094e+000
1.280640e+000
1.369170e+000
1.442717e+000
1.497084e+000
1.548827e+000
1.539839e+000
1.562640e+000
1.575000e+000
1.575000e+000
1.527376e+000
1.375941e+000
1.349223e+000
1.261089e+000
1.155161e+000
1.037468e+000
9.074341e-001
7.676666e-001
6.194992e-001
4.645248e-001
3.038040e-001
1.402115e-001
-2.535400e-002
-1.908600e-001
-3.541458e-001
-5.140060e-001
-6.681030e-001
-8.150375e-001
-9.533676e-001
-1.081372e+000
-1.197809e+000
-1.300958e+000
-1.390521e+000
-1.463574e+000
-1.522528e+000
-1.557922e+000
-1.597179e+000
-1.600000e+000
-1.598338e+000
-1.555769e+000
-1.514775e+000
-1.456702e+000
-1.381242e+000
-1.290733e+000
-1.185776e+000
-1.068190e+000
-9.390472e-001
-7.994965e-001
-6.519012e-001
-4.969330e-001
-3.368088e-001
-1.731644e-001
-7.498169e-003
1.579575e-001
3.213470e-001
4.814804e-001
6.356949e-001
7.831940e-001
9.218689e-001
1.050687e+000
1.167271e+000
1.271564e+000
1.361310e+000
1.435965e+000
1.495009e+000
1.528400e+000
1.568944e+000
1.575000e+000
1.575000e+000
1.551079e+000
1.478792e+000
1.434117e+000
1.360056e+000
1.270471e+000
1.166031e+000
1.049138e+000
9.205688e-001
7.814011e-001
6.341644e-001
4.795319e-001
3.196167e-001
1.559799e-001
-9.509277e-003
-1.748566e-001
-3.387100e-001
-4.987991e-001
-6.535706e-001
-8.011856e-001
-9.405334e-001
-1.069641e+000
-1.187117e+000
-1.291557e+000
-1.382710e+000
-1.457855e+000
-1.516144e+000
-1.558870e+000
-1.570790e+000
-1.599780e+000
-1.600000e+000
-1.600000e+000
-1.540195e+000
-1.423341e+000
-1.389221e+000
-1.299770e+000
-1.196539e+000
-1.080139e+000
-9.517441e-001
-8.135757e-001
-6.660660e-001
-5.122940e-001
-3.523849e-001
-1.888016e-001
-2.370758e-002
1.422333e-001
3.057404e-001
4.661270e-001
6.214066e-001
7.691055e-001
9.092773e-001
1.038576e+000
1.156729e+000
1.261971e+000
1.353397e+000
1.429553e+000
1.489769e+000
1.527000e+000
1.568750e+000
1.575000e+000
1.574994e+000
1.542792e+000
1.492020e+000
1.441713e+000
1.368111e+000
1.279713e+000
1.176599e+000
1.061006e+000
9.331894e-001
7.954330e-001
6.483154e-001
4.950562e-001
3.348465e-001
1.720200e-001
6.340027e-003
-1.590164e-001
-3.231140e-001
-4.834198e-001
-6.391663e-001
-7.872467e-001
-9.275360e-001
-1.057750e+000
-1.176309e+000
-1.282321e+000
-1.374068e+000
-1.451382e+000
-1.511992e+000
-1.555174e+000
-1.596484e+000
-1.593750e+000
-1.562697e+000
-1.593944e+000
-1.561630e+000
-1.440163e+000
-1.395654e+000
-1.309360e+000
-1.206911e+000
-1.091759e+000
-9.647964e-001
-8.269852e-001
-6.807404e-001
-5.274307e-001
-3.678146e-001
-2.046860e-001
-3.962860e-002
1.263123e-001
2.901093e-001
4.510315e-001
6.067703e-001
7.551773e-001
8.960648e-001
1.026779e+000
1.145937e+000
1.252478e+000
1.345091e+000
1.423088e+000
1.484413e+000
1.525348e+000
1.568353e+000
1.575000e+000
1.571484e+000
1.536963e+000
1.509746e+000
1.445241e+000
1.375896e+000
1.288760e+000
1.187314e+000
1.072491e+000
9.459900e-001
8.090652e-001
6.629669e-001
5.096893e-001
3.507446e-001
1.877197e-001
2.223969e-002
-1.430786e-001
-3.074127e-001
-4.683502e-001
-6.243286e-001
-7.733795e-001
-9.145767e-001
-1.045564e+000
-1.165465e+000
-1.272690e+000
-1.366071e+000
-1.444498e+000
-1.506792e+000
-1.553096e+000
-1.592815e+000
-1.563527e+000
-1.590234e+000
-1.600000e+000
-1.586208e+000
-1.440695e+000
-1.389958e+000
-1.318250e+000
-1.217386e+000
-1.103503e+000
-9.771942e-001
-8.409790e-001
-6.949387e-001
-5.424240e-001
-3.834061e-001
-2.205719e-001
-5.538025e-002
1.103073e-001
2.744598e-001
4.357574e-001
5.919952e-001
7.413239e-001
8.830994e-001
1.014459e+000
1.134987e+000
1.242967e+000
1.336789e+000
1.416098e+000
1.479388e+000
1.522850e+000
1.568150e+000
1.574962e+000
1.548140e+000
1.552289e+000
1.543205e+000
1.432193e+000
1.382388e+000
1.297797e+000
1.197609e+000
1.084125e+000
9.587112e-001
8.225998e-001
6.772827e-001
5.246964e-001
3.664398e-001
2.032104e-001
3.844604e-002
-1.273392e-001
-2.917145e-001
-4.530487e-001
-6.094498e-001
-7.596497e-001
-9.011826e-001
-1.033498e+000
-1.154588e+000
-1.262938e+000
-1.357556e+000
-1.437842e+000
-1.501262e+000
-1.550671e+000
-1.581517e+000
-1.566121e+000
-1.598627e+000
-1.600000e+000
-1.592590e+000
-1.452785e+000
-1.389865e+000
-1.327454e+000
-1.227477e+000
-1.115033e+000
-9.898468e-001
-8.544891e-001
-7.093536e-001
-5.573181e-001
-3.988251e-001
-2.365738e-001
-7.119751e-002
9.436798e-002
2.587830e-001
4.205872e-001
5.771957e-001
7.271973e-001
8.698074e-001
1.002458e+000
1.123878e+000
1.233064e+000
1.328374e+000
1.409215e+000
1.473805e+000
1.522116e+000
1.542114e+000
1.574121e+000
1.575000e+000
1.575000e+000
1.533226e+000
1.427695e+000
1.390042e+000
1.306892e+000
1.207741e+000
1.095578e+000
9.712341e-001
8.361099e-001
6.916611e-001
5.396606e-001
3.816864e-001
2.192169e-001
5.429687e-002
-1.113937e-001
-2.760773e-001
-4.376526e-001
-5.948730e-001
-7.452682e-001
-8.881363e-001
-1.021277e+000
-1.143243e+000
-1.253235e+000
-1.349156e+000
-1.430724e+000
-1.496484e+000
-1.541273e+000
-1.576500e+000
-1.600000e+000
-1.600000e+000
-1.597539e+000
-1.530411e+000
-1.481374e+000
-1.418988e+000
-1.335951e+000
-1.237840e+000
-1.126324e+000
-1.002490e+000
-8.678116e-001
-7.237076e-001
-5.721863e-001
-4.144089e-001
-2.521561e-001
-8.717499e-002
7.850494e-002
2.431091e-001
4.049637e-001
5.624268e-001
7.132996e-001
8.563965e-001
9.902420e-001
1.112628e+000
1.223161e+000
1.319844e+000
1.402116e+000
1.468575e+000
1.517006e+000
1.543066e+000
1.574449e+000
1.575000e+000
1.575000e+000
1.529202e+000
1.440804e+000
1.398376e+000
1.315506e+000
1.217831e+000
1.106976e+000
9.836655e-001
8.495651e-001
7.057495e-001
5.548309e-001
3.969528e-001
2.349243e-001
7.030792e-002
-9.550781e-002
-2.603714e-001
-4.223480e-001
-5.798096e-001
-7.313354e-001
-8.746765e-001
-1.008939e+000
-1.132190e+000
-1.243088e+000
-1.340543e+000
-1.423482e+000
-1.491226e+000
-1.537044e+000
-1.576730e+000
-1.600000e+000
-1.600000e+000
-1.593791e+000
-1.531119e+000
-1.494426e+000
-1.425937e+000
-1.344666e+000
-1.247891e+000
-1.137558e+000
-1.014804e+000
-8.812378e-001
-7.379044e-001
-5.871063e-001
-4.298065e-001
-2.678268e-001
-1.030365e-001
6.228638e-002
2.276352e-001
3.896240e-001
5.474106e-001
6.991699e-001
8.429855e-001
9.777252e-001
1.101514e+000
1.213031e+000
1.311302e+000
1.394679e+000
1.462903e+000
1.513048e+000
1.543060e+000
1.574506e+000
1.575000e+000
1.574815e+000
1.522266e+000
1.458037e+000
1.404935e+000
1.323903e+000
1.227953e+000
1.118202e+000
9.959320e-001
8.628784e-001
7.200684e-001
5.693710e-001
4.126343e-001
2.506058e-001
8.628387e-002
-7.982178e-002
-2.443863e-001
-4.070648e-001
-5.649323e-001
-7.170364e-001
-8.613007e-001
-9.964951e-001
-1.120830e+000
-1.232973e+000
-1.331749e+000
-1.416527e+000
-1.484007e+000
-1.540280e+000
-1.560272e+000
-1.585345e+000
-1.600000e+000
-1.600000e+000
-1.595467e+000
-1.478276e+000
-1.412386e+000
-1.353232e+000
-1.257855e+000
-1.148814e+000
-1.026976e+000
-8.947708e-001
-7.518066e-001
-6.020203e-001
-4.451538e-001
-2.834671e-001
-1.190704e-001
4.660797e-002
2.116226e-001
3.741623e-001
5.326248e-001
6.847855e-001
8.296478e-001
9.651443e-001
1.090094e+000
1.203024e+000
1.302425e+000
1.387184e+000
1.457018e+000
1.509210e+000
1.542548e+000
1.574506e+000
1.575000e+000
1.573131e+000
1.517395e+000
1.474132e+000
1.411157e+000
1.332431e+000
1.237807e+000
1.129263e+000
1.008261e+000
8.761276e-001
7.340790e-001
5.842316e-001
4.279129e-001
2.663239e-001
1.019409e-001
-6.351929e-002
-2.289185e-001
-3.913132e-001
-5.501724e-001
-7.027023e-001
-8.477280e-001
-9.839554e-001
-1.109328e+000
-1.222801e+000
-1.323024e+000
-1.408488e+000
-1.479570e+000
-1.529990e+000
-1.574968e+000
-1.600000e+000
-1.596629e+000
-1.563527e+000
-1.581651e+000
-1.499585e+000
-1.435332e+000
-1.361775e+000
-1.267542e+000
-1.159706e+000
-1.039613e+000
-9.074783e-001
-7.662643e-001
-6.164719e-001
-4.605148e-001
-2.992508e-001
-1.349274e-001
3.064270e-002
1.959122e-001
3.586563e-001
5.175842e-001
6.705597e-001
8.159760e-001
9.526535e-001
1.078505e+000
1.192749e+000
1.293384e+000
1.380017e+000
1.451004e+000
1.506374e+000
1.537988e+000
1.551915e+000
1.575000e+000
1.575000e+000
1.574321e+000
1.479016e+000
1.387355e+000
1.340732e+000
1.247536e+000
1.140282e+000
1.020468e+000
8.891129e-001
7.482742e-001
5.988098e-001
4.432785e-001
2.819763e-001
1.179520e-001
-4.776611e-002
-2.129898e-001
-3.759491e-001
-5.350662e-001
-6.882416e-001
-8.343002e-001
-9.712204e-001
-1.097855e+000
-1.212347e+000
-1.314012e+000
-1.401053e+000
-1.473199e+000
-1.526309e+000
-1.573628e+000
-1.596910e+000
-1.563741e+000
-1.589740e+000
-1.600000e+000
-1.530482e+000
-1.410550e+000
-1.369998e+000
-1.277240e+000
-1.170787e+000
-1.051353e+000
-9.209076e-001
-7.799896e-001
-6.313187e-001
-4.759613e-001
-3.147583e-001
-1.506424e-001
1.452026e-002
1.801697e-001
3.431717e-001
5.024506e-001
6.562912e-001
8.022675e-001
9.399170e-001
1.066949e+000
1.182289e+000
1.284285e+000
1.372360e+000
1.445114e+000
1.501727e+000
1.533003e+000
1.555859e+000
1.575000e+000
1.575000e+000
1.574091e+000
1.482130e+000
1.398845e+000
1.348936e+000
1.257103e+000
1.151091e+000
1.032535e+000
9.022461e-001
7.621384e-001
6.135284e-001
4.585327e-001
2.975616e-001
1.337982e-001
-3.179474e-002
-1.970535e-001
-3.604889e-001
-5.200363e-001
-6.738159e-001
-8.205612e-001
-9.586060e-001
-1.085994e+000
-1.202005e+000
-1.304871e+000
-1.393425e+000
-1.466634e+000
-1.522165e+000
-1.572261e+000
-1.578021e+000
-1.572438e+000
-1.599925e+000
-1.600000e+000
-1.554645e+000
-1.403702e+000
-1.374625e+000
-1.286992e+000
-1.181520e+000
-1.063438e+000
-9.337219e-001
-7.941345e-001
-6.459808e-001
-4.907867e-001
-3.305923e-001
-1.667496e-001
-1.113892e-003
1.642487e-001
3.273987e-001
4.876205e-001
6.417496e-001
7.885071e-001
9.272247e-001
1.055240e+000
1.171663e+000
1.275024e+000
1.364838e+000
1.437929e+000
1.496048e+000
1.539656e+000
1.574390e+000
1.554468e+000
1.546107e+000
1.574815e+000
1.519292e+000
1.399339e+000
1.356796e+000
1.266550e+000
1.162102e+000
1.044133e+000
9.154312e-001
7.759720e-001
6.282104e-001
4.734207e-001
3.135101e-001
1.495621e-001
-1.589050e-002
-1.813217e-001
-3.447983e-001
-5.048447e-001
-6.594055e-001
-8.068390e-001
-9.456177e-001
-1.074402e+000
-1.191364e+000
-1.295543e+000
-1.385471e+000
-1.460454e+000
-1.519600e+000
-1.552954e+000
-1.590717e+000
-1.600000e+000
-1.600000e+000
-1.585875e+000
-1.500604e+000
-1.456831e+000
-1.386336e+000
-1.296216e+000
-1.192108e+000
-1.075394e+000
-9.467270e-001
-8.078506e-001
-6.604477e-001
-5.062698e-001
-3.458603e-001
-1.827957e-001
-1.694031e-002
1.481415e-001
3.122955e-001
4.721832e-001
6.271194e-001
7.748352e-001
9.143066e-001
1.043318e+000
1.161195e+000
1.265744e+000
1.356520e+000
1.432468e+000
1.491759e+000
1.527124e+000
1.559125e+000
1.575000e+000
1.575000e+000
1.571910e+000
1.485262e+000
1.424127e+000
1.365279e+000
1.275848e+000
1.172539e+000
1.056209e+000
9.281403e-001
7.898270e-001
6.426987e-001
4.886765e-001
3.289337e-001
1.655167e-001
-6.256104e-005
-1.653625e-001
-3.291962e-001
-4.898392e-001
-6.446365e-001
-7.930634e-001
-9.326889e-001
-1.062537e+000
-1.180650e+000
-1.285994e+000
-1.377586e+000
-1.453992e+000
-1.514461e+000
-1.550995e+000
-1.590953e+000
-1.600000e+000
-1.600000e+000
-1.579480e+000
-1.509851e+000
-1.467216e+000
-1.393340e+000
-1.305699e+000
-1.202667e+000
-1.087132e+000
-9.596115e-001
-8.215134e-001
-6.751114e-001
-5.212402e-001
-3.615921e-001
-1.983658e-001
-3.318634e-002
1.325897e-001
2.964996e-001
4.570709e-001
6.124191e-001
7.609955e-001
9.013275e-001
1.031444e+000
1.150369e+000
1.256282e+000
1.348392e+000
1.425377e+000
1.486058e+000
1.536163e+000
1.549048e+000
1.550389e+000
1.575000e+000
1.575000e+000
1.554529e+000
1.400807e+000
1.361058e+000
1.284987e+000
1.183133e+000
1.067929e+000
9.409515e-001
8.034409e-001
6.572464e-001
5.038315e-001
3.442688e-001
1.815231e-001
1.588440e-002
-1.494995e-001
-3.136703e-001
-4.745377e-001
-6.301132e-001
-7.789246e-001
-9.199478e-001
-1.050343e+000
-1.169781e+000
-1.276712e+000
-1.369237e+000
-1.447324e+000
-1.509308e+000
-1.548595e+000
-1.591187e+000
-1.600000e+000
-1.600000e+000
-1.571486e+000
-1.522240e+000
-1.474377e+000
-1.401460e+000
-1.314775e+000
-1.213072e+000
-1.098862e+000
-9.722687e-001
-8.353561e-001
-6.893982e-001
-5.362320e-001
-3.772873e-001
-2.142334e-001
-4.896393e-002
1.166946e-001
2.807343e-001
4.419159e-001
5.978363e-001
7.469543e-001
8.882675e-001
1.019382e+000
1.139374e+000
1.246706e+000
1.340326e+000
1.418753e+000
1.480757e+000
1.532770e+000
1.540259e+000
1.560045e+000
1.575000e+000
1.575000e+000
1.558371e+000
1.410474e+000
1.366710e+000
1.294154e+000
1.193547e+000
1.079353e+000
9.537521e-001
8.171875e-001
6.715454e-001
5.186737e-001
3.601379e-001
1.970810e-001
3.182068e-002
-1.334778e-001
-2.981079e-001
-4.591476e-001
-6.154892e-001
-7.651123e-001
-9.065582e-001
-1.038406e+000
-1.158812e+000
-1.266975e+000
-1.360983e+000
-1.440375e+000
-1.503522e+000
-1.552760e+000
-1.563300e+000
-1.596910e+000
-1.600000e+000
-1.600000e+000
-1.570970e+000
-1.437939e+000
-1.404407e+000
-1.323424e+000
-1.223828e+000
-1.110095e+000
-9.850952e-001
-8.489059e-001
-7.036362e-001
-5.514069e-001
-3.926559e-001
-2.300278e-001
-6.492310e-002
1.006927e-001
2.652130e-001
4.264816e-001
5.831940e-001
7.329117e-001
8.750458e-001
1.007378e+000
1.128310e+000
1.236955e+000
1.332103e+000
1.411780e+000
1.476466e+000
1.518544e+000
1.560345e+000
1.575000e+000
1.575000e+000
1.558783e+000
1.498203e+000
1.459962e+000
1.387263e+000
1.303065e+000
1.203723e+000
1.090984e+000
9.663605e-001
8.305649e-001
6.858917e-001
5.339432e-001
3.752304e-001
2.130768e-001
4.778748e-002
-1.177750e-001
-2.822998e-001
-4.437347e-001
-6.008194e-001
-7.510590e-001
-8.933456e-001
-1.026266e+000
-1.147733e+000
-1.257014e+000
-1.352689e+000
-1.433398e+000
-1.498576e+000
-1.546979e+000
-1.564296e+000
-1.598131e+000
-1.600000e+000
-1.600000e+000
-1.569838e+000
-1.448305e+000
-1.413049e+000
-1.332513e+000
-1.233826e+000
-1.121762e+000
-9.975815e-001
-8.622253e-001
-7.182114e-001
-5.662354e-001
-4.081604e-001
-2.456787e-001
-8.092804e-002
8.485718e-002
2.493805e-001
4.112366e-001
5.683533e-001
7.188980e-001
8.617142e-001
9.950470e-001
1.117320e+000
1.227153e+000
1.323286e+000
1.405119e+000
1.470822e+000
1.515230e+000
1.560345e+000
1.575000e+000
1.574742e+000
1.545479e+000
1.520630e+000
1.460463e+000
1.395520e+000
1.311861e+000
1.214011e+000
1.102238e+000
9.787537e-001
8.441925e-001
7.001282e-001
5.486710e-001
3.908493e-001
2.287720e-001
6.381989e-002
-1.019333e-001
-2.665802e-001
-4.284454e-001
-5.859680e-001
-7.368301e-001
-8.801620e-001
-1.013805e+000
-1.136685e+000
-1.247192e+000
-1.344031e+000
-1.426408e+000
-1.492839e+000
-1.540936e+000
-1.589520e+000
-1.570790e+000
-1.579820e+000
-1.600000e+000
-1.597530e+000
-1.479770e+000
-1.396101e+000
-1.341077e+000
-1.244028e+000
-1.132996e+000
-1.009898e+000
-8.758392e-001
-7.322769e-001
-5.811676e-001
-4.236420e-001
-2.614014e-001
-9.696808e-002
6.909637e-002
2.336334e-001
3.958557e-001
5.534302e-001
7.048538e-001
8.482697e-001
9.828156e-001
1.106042e+000
1.217068e+000
1.314636e+000
1.397980e+000
1.465291e+000
1.511969e+000
1.559741e+000
1.575000e+000
1.560345e+000
1.541328e+000
1.560129e+000
1.453883e+000
1.398149e+000
1.320334e+000
1.223999e+000
1.113661e+000
9.910858e-001
8.575729e-001
7.142517e-001
5.636642e-001
4.061829e-001
2.444778e-001
7.979736e-002
-8.605194e-002
-2.508850e-001
-4.130997e-001
-5.709091e-001
-7.227783e-001
-8.666306e-001
-1.001465e+000
-1.125409e+000
-1.237065e+000
-1.335449e+000
-1.418871e+000
-1.487257e+000
-1.538573e+000
-1.564667e+000
-1.598717e+000
-1.600000e+000
-1.600000e+000
-1.561934e+000
-1.472003e+000
-1.430934e+000
-1.349861e+000
-1.254071e+000
-1.144121e+000
-1.022240e+000
-8.892685e-001
-7.463226e-001
-5.961182e-001
-4.388535e-001
-2.771881e-001
-1.128281e-001
5.300293e-002
2.181290e-001
3.801117e-001
5.387802e-001
6.904434e-001
8.350204e-001
9.702637e-001
1.094579e+000
1.207111e+000
1.305916e+000
1.390482e+000
1.458855e+000
1.513376e+000
1.534456e+000
1.570551e+000
1.575000e+000
1.575000e+000
1.556583e+000
1.443564e+000
1.404636e+000
1.328848e+000
1.233881e+000
1.124850e+000
1.003302e+000
8.709167e-001
7.283508e-001
5.784927e-001
4.215027e-001
2.601364e-001
9.577637e-002
-7.016296e-002
-2.349991e-001
-3.977081e-001
-5.561264e-001
-7.082794e-001
-8.534317e-001
-9.887726e-001
-1.113991e+000
-1.227000e+000
-1.326534e+000
-1.411536e+000
-1.481335e+000
-1.534325e+000
-1.564339e+000
-1.598804e+000
-1.600000e+000
-1.599962e+000
-1.554272e+000
-1.488814e+000
-1.437669e+000
-1.358290e+000
-1.263612e+000
-1.155457e+000
-1.034497e+000
-9.024414e-001
-7.605713e-001
-6.105560e-001
-4.543854e-001
-2.929230e-001
-1.286285e-001
3.698730e-002
2.022659e-001
3.648697e-001
5.236450e-001
6.763428e-001
8.212769e-001
9.577866e-001
1.083189e+000
1.196803e+000
1.297026e+000
1.382835e+000
1.454300e+000
1.503955e+000
1.556903e+000
1.541121e+000
1.560643e+000
1.575000e+000
1.575000e+000
1.500897e+000
1.369160e+000
1.337128e+000
1.243619e+000
1.135931e+000
1.015454e+000
8.841187e-001
7.424042e-001
5.932281e-001
4.369308e-001
2.756744e-001
1.117386e-001
-5.419006e-002
-2.194229e-001
-3.819672e-001
-5.411728e-001
-6.941650e-001
-8.395950e-001
-9.763077e-001
-1.102580e+000
-1.216394e+000
-1.317661e+000
-1.404268e+000
-1.474947e+000
-1.530266e+000
-1.563588e+000
-1.598804e+000
-1.600000e+000
-1.598627e+000
-1.548170e+000
-1.505106e+000
-1.443712e+000
-1.366771e+000
-1.273323e+000
-1.166284e+000
-1.046700e+000
-9.156464e-001
-7.744507e-001
-6.254364e-001
-4.695984e-001
-3.086395e-001
-1.446106e-001
2.129517e-002
1.863983e-001
3.494370e-001
5.085144e-001
6.617828e-001
8.079437e-001
9.450470e-001
1.071619e+000
1.186383e+000
1.288206e+000
1.375005e+000
1.448082e+000
1.500478e+000
1.550261e+000
1.537703e+000
1.569135e+000
1.575000e+000
1.575000e+000
1.512766e+000
1.372449e+000
1.345010e+000
1.253119e+000
1.146698e+000
1.027777e+000
8.970825e-001
7.564713e-001
6.077759e-001
4.522919e-001
2.914124e-001
1.274384e-001
-3.817444e-002
-2.033844e-001
-3.668579e-001
-5.260391e-001
-6.795883e-001
-8.259491e-001
-9.637634e-001
-1.090775e+000
-1.206175e+000
-1.308459e+000
-1.396381e+000
-1.469839e+000
-1.525087e+000
-1.562547e+000
-1.573866e+000
-1.599986e+000
-1.600000e+000
-1.599930e+000
-1.519397e+000
-1.415237e+000
-1.375159e+000
-1.282751e+000
-1.177364e+000
-1.058617e+000
-9.284454e-001
-7.887726e-001
-6.398773e-001
-4.849106e-001
-3.242538e-001
-1.604294e-001
5.267334e-003
1.706009e-001
3.338364e-001
4.934860e-001
6.474686e-001
7.942230e-001
9.321442e-001
1.060056e+000
1.175943e+000
1.278783e+000
1.367578e+000
1.441687e+000
1.496188e+000
1.544221e+000
1.539107e+000
1.572308e+000
1.575000e+000
1.575000e+000
1.518332e+000
1.381171e+000
1.352521e+000
1.262930e+000
1.157610e+000
1.039514e+000
9.101288e-001
7.704971e-001
6.221619e-001
4.676483e-001
3.070145e-001
1.432968e-001
-2.216187e-002
-1.877960e-001
-3.509323e-001
-5.110214e-001
-6.652008e-001
-8.123093e-001
-9.509125e-001
-1.078934e+000
-1.195772e+000
-1.299191e+000
-1.388487e+000
-1.463702e+000
-1.520467e+000
-1.557574e+000
-1.577289e+000
-1.600000e+000
-1.600000e+000
-1.599792e+000
-1.520764e+000
-1.427562e+000
-1.383109e+000
-1.292374e+000
-1.188008e+000
-1.070601e+000
-9.414978e-001
-8.024872e-001
-6.544189e-001
-5.001862e-001
-3.398956e-001
-1.761063e-001
-1.080322e-002
1.546387e-001
3.185089e-001
4.782013e-001
6.330292e-001
7.803665e-001
9.194336e-001
1.048085e+000
1.165337e+000
1.269711e+000
1.359644e+000
1.435033e+000
1.492419e+000
1.537340e+000
1.541988e+000
1.573969e+000
1.575000e+000
1.575000e+000
1.521358e+000
1.391228e+000
1.360683e+000
1.272153e+000
1.168338e+000
1.051488e+000
9.229874e-001
7.842987e-001
6.368637e-001
4.826660e-001
3.227371e-001
1.590439e-001
-6.355286e-003
-1.717285e-001
-3.354721e-001
-4.956818e-001
-6.509491e-001
-7.983231e-001
-9.379837e-001
-1.067204e+000
-1.185052e+000
-1.289868e+000
-1.380659e+000
-1.456198e+000
-1.515750e+000
-1.560065e+000
-1.598627e+000
-1.575389e+000
-1.575002e+000
-1.600000e+000
-1.562079e+000
-1.426357e+000
-1.388200e+000
-1.301912e+000
-1.198563e+000
-1.082401e+000
-9.544708e-001
-8.160110e-001
-6.692795e-001
-5.151779e-001
-3.553009e-001
-1.922867e-001
-2.653809e-002
1.387527e-001
3.028305e-001
4.631348e-001
6.183838e-001
7.665344e-001
9.064651e-001
1.036269e+000
1.154729e+000
1.259987e+000
1.351616e+000
1.428369e+000
1.488654e+000
1.529419e+000
1.570874e+000
1.575000e+000
1.560938e+000
1.540112e+000
1.512167e+000
1.436177e+000
1.369592e+000
1.281299e+000
1.178810e+000
1.063232e+000
9.359039e-001
7.978806e-001
6.516037e-001
4.976578e-001
3.381866e-001
1.750351e-001
9.562683e-003
-1.558533e-001
-3.199585e-001
-4.805023e-001
-6.362579e-001
-7.844177e-001
-9.250198e-001
-1.055313e+000
-1.174156e+000
-1.280376e+000
-1.372548e+000
-1.449864e+000
-1.510889e+000
-1.558095e+000
-1.586314e+000
-1.564528e+000
-1.597679e+000
-1.600000e+000
-1.581438e+000
-1.429410e+000
-1.385837e+000
-1.310930e+000
-1.209120e+000
-1.094133e+000
-9.671997e-001
-8.299652e-001
-6.834000e-001
-5.302597e-001
-3.710861e-001
-2.079529e-001
-4.253693e-002
1.229614e-001
2.871063e-001
4.479767e-001
6.035828e-001
7.528793e-001
8.932983e-001
1.024269e+000
1.143784e+000
1.250597e+000
1.343605e+000
1.421382e+000
1.483487e+000
1.527042e+000
1.546431e+000
1.574847e+000
1.575000e+000
1.575000e+000
1.520030e+000
1.415971e+000
1.377281e+000
1.290417e+000
1.189212e+000
1.075133e+000
9.484070e-001
8.117340e-001
6.657547e-001
5.128021e-001
3.537918e-001
1.908554e-001
2.549438e-002
-1.400406e-001
-3.043106e-001
-4.651794e-001
-6.214569e-001
-7.707062e-001
-9.118118e-001
-1.043260e+000
-1.163242e+000
-1.270889e+000
-1.364275e+000
-1.443205e+000
-1.505322e+000
-1.556036e+000
-1.573686e+000
-1.574617e+000
-1.599998e+000
-1.600000e+000
-1.587106e+000
-1.439359e+000
-1.389349e+000
-1.320084e+000
-1.219373e+000
-1.105716e+000
-9.799026e-001
-8.435333e-001
-6.979248e-001
-5.453751e-001
-3.863968e-001
-2.237808e-001
-5.851746e-002
1.071014e-001
2.714310e-001
4.325394e-001
5.892487e-001
7.386185e-001
8.802246e-001
1.012190e+000
1.132877e+000
1.240736e+000
1.335196e+000
1.414954e+000
1.477991e+000
1.525397e+000
1.565427e+000
1.537917e+000
1.567090e+000
1.575000e+000
1.565947e+000
1.425371e+000
1.365347e+000
1.299728e+000
1.199379e+000
1.086490e+000
9.613892e-001
8.250076e-001
6.802933e-001
5.278076e-001
3.692352e-001
2.066330e-001
4.140015e-002
-1.241699e-001
-2.885254e-001
-4.499298e-001
-6.068649e-001
-7.565079e-001
-8.985977e-001
-1.031190e+000
-1.152248e+000
-1.260942e+000
-1.356279e+000
-1.436118e+000
-1.501067e+000
-1.542883e+000
-1.582202e+000
-1.600000e+000
-1.600000e+000
-1.592377e+000
-1.521730e+000
-1.482813e+000
-1.412376e+000
-1.328963e+000
-1.229852e+000
-1.117151e+000
-9.923981e-001
-8.570114e-001
-7.123016e-001
-5.604202e-001
-4.018326e-001
-2.395584e-001
-7.439117e-002
9.120026e-002
2.556747e-001
4.173798e-001
5.743561e-001
7.243271e-001
8.672714e-001
9.999405e-001
1.121674e+000
1.231068e+000
1.326935e+000
1.407608e+000
1.472600e+000
1.522551e+000
1.555804e+000
1.540919e+000
1.573534e+000
1.575000e+000
1.570108e+000
1.437663e+000
1.366924e+000
1.308350e+000
1.209880e+000
1.097742e+000
9.738937e-001
8.386780e-001
6.944183e-001
5.427475e-001
3.847534e-001
2.223495e-001
5.741425e-002
-1.082703e-001
-2.729340e-001
-4.345261e-001
-5.919922e-001
-7.424118e-001
-8.855560e-001
-1.018779e+000
-1.141206e+000
-1.250894e+000
-1.347635e+000
-1.429507e+000
-1.495198e+000
-1.539980e+000
-1.581871e+000
-1.600000e+000
-1.600000e+000
-1.585838e+000
-1.529372e+000
-1.490894e+000
-1.420979e+000
-1.337529e+000
-1.239876e+000
-1.128625e+000
-1.004875e+000
-8.703979e-001
-7.267502e-001
-5.751450e-001
-4.173553e-001
-2.552704e-001
-9.039001e-002
7.529602e-002
2.400360e-001
4.019730e-001
5.593674e-001
7.105469e-001
8.537781e-001
9.876465e-001
1.110431e+000
1.221147e+000
1.318452e+000
1.400522e+000
1.466881e+000
1.519519e+000
1.546237e+000
1.548500e+000
1.574976e+000
1.575000e+000
1.571648e+000
1.447887e+000
1.372412e+000
1.317007e+000
1.219893e+000
1.109180e+000
9.861099e-001
8.522171e-001
7.086487e-001
5.576401e-001
4.000900e-001
2.382004e-001
7.329407e-002
-9.235077e-002
-2.572433e-001
-4.190170e-001
-5.772003e-001
-7.283905e-001
-8.719360e-001
-1.006602e+000
-1.129854e+000
-1.241124e+000
-1.338660e+000
-1.422351e+000
-1.490009e+000
-1.535840e+000
-1.581833e+000
-1.600000e+000
-1.599609e+000
-1.569582e+000
-1.556674e+000
-1.489777e+000
-1.427867e+000
-1.346606e+000
-1.249861e+000
-1.139790e+000
-1.017328e+000
-8.838074e-001
-7.408539e-001
-5.899796e-001
-4.327850e-001
-2.709457e-001
-1.063751e-001
5.937958e-002
2.241898e-001
3.867950e-001
5.444061e-001
6.962662e-001
8.403671e-001
9.751770e-001
1.099345e+000
1.211104e+000
1.309361e+000
1.393452e+000
1.461206e+000
1.515984e+000
1.539343e+000
1.554820e+000
1.575000e+000
1.575000e+000
1.572055e+000
1.455467e+000
1.380733e+000
1.325722e+000
1.229861e+000
1.120268e+000
9.985596e-001
8.655716e-001
7.226669e-001
5.724945e-001
4.154526e-001
2.538376e-001
8.939514e-002
-7.652283e-002
-2.414795e-001
-4.037216e-001
-5.620728e-001
-7.141449e-001
-8.586639e-001
-9.940186e-001
-1.118433e+000
-1.231165e+000
-1.329984e+000
-1.414722e+000
-1.483293e+000
-1.538680e+000
-1.558173e+000
-1.592735e+000
-1.600000e+000
-1.600000e+000
-1.588589e+000
-1.471173e+000
-1.424966e+000
-1.354674e+000
-1.259789e+000
-1.150974e+000
-1.029565e+000
-8.971970e-001
-7.546295e-001
-6.051987e-001
-4.480011e-001
-2.865585e-001
-1.223816e-001
4.351044e-002
2.085083e-001
3.710800e-001
5.297440e-001
6.818222e-001
8.269119e-001
9.627838e-001
1.087788e+000
1.200824e+000
1.300702e+000
1.385901e+000
1.455933e+000
1.507219e+000
1.547693e+000
1.574976e+000
1.575000e+000
1.556871e+000
1.526862e+000
1.476637e+000
1.413705e+000
1.334061e+000
1.239758e+000
1.131458e+000
1.010753e+000
8.786530e-001
7.369598e-001
5.872116e-001
4.308777e-001
2.693512e-001
1.053101e-001
-6.053619e-002
-2.256134e-001
-3.884338e-001
-5.470367e-001
-6.997986e-001
-8.451324e-001
-9.814438e-001
-1.107072e+000
-1.220734e+000
-1.321191e+000
-1.406975e+000
-1.478682e+000
-1.528419e+000
-1.580075e+000
-1.585045e+000
-1.566542e+000
-1.598804e+000
-1.600000e+000
-1.523843e+000
-1.400719e+000
-1.363309e+000
-1.269548e+000
-1.161989e+000
-1.041716e+000
-9.103714e-001
-7.688385e-001
-6.197464e-001
-4.634384e-001
-3.021530e-001
-1.382553e-001
2.757874e-002
1.925995e-001
3.556351e-001
5.146255e-001
6.677917e-001
8.131516e-001
9.501495e-001
1.076405e+000
1.190320e+000
1.291908e+000
1.378195e+000
1.450023e+000
1.503053e+000
1.546767e+000
1.574962e+000
1.568553e+000
1.537703e+000
1.565410e+000
1.482446e+000
1.409781e+000
1.342542e+000
1.249440e+000
1.142387e+000
1.022789e+000
8.919449e-001
7.509369e-001
6.017624e-001
4.461670e-001
2.852707e-001
1.210068e-001
-4.457092e-002
-2.098724e-001
-3.727356e-001
-5.321121e-001
-6.855255e-001
-8.314850e-001
-9.687332e-001
-1.095419e+000
-1.210475e+000
-1.312015e+000
-1.399925e+000
-1.471013e+000
-1.528885e+000
-1.556453e+000
-1.594135e+000
-1.600000e+000
-1.600000e+000
-1.582401e+000
-1.486002e+000
-1.445912e+000
-1.371542e+000
-1.279237e+000
-1.172884e+000
-1.053746e+000
-9.235626e-001
-7.827576e-001
-6.342682e-001
-4.786972e-001
-3.180344e-001
-1.540390e-001
1.160583e-002
1.770111e-001
3.399872e-001
4.996597e-001
6.530457e-001
7.997742e-001
9.373840e-001
1.064587e+000
1.180182e+000
1.282643e+000
1.370567e+000
1.443861e+000
1.501173e+000
1.530542e+000
1.562640e+000
1.575000e+000
1.575000e+000
1.569229e+000
1.469519e+000
1.414220e+000
1.350731e+000
1.258827e+000
1.153278e+000
1.034917e+000
9.049820e-001
7.646500e-001
6.166840e-001
4.613174e-001
3.007874e-001
1.370819e-001
-2.886353e-002
-1.937668e-001
-3.574234e-001
-5.169510e-001
-6.711609e-001
-8.176544e-001
-9.559967e-001
-1.083817e+000
-1.199968e+000
-1.302786e+000
-1.391994e+000
-1.465779e+000
-1.520334e+000
-1.572502e+000
-1.562868e+000
-1.592308e+000
-1.600000e+000
-1.600000e+000
-1.551143e+000
-1.404448e+000
-1.376891e+000
-1.288835e+000
-1.183691e+000
-1.065811e+000
-9.364288e-001
-7.967285e-001
-6.488449e-001
-4.939987e-001
-3.333359e-001
-1.702713e-001
-4.154968e-003
1.610245e-001
3.245773e-001
4.844330e-001
6.387604e-001
7.858292e-001
9.246826e-001
1.052901e+000
1.169630e+000
1.273212e+000
1.362862e+000
1.437576e+000
1.496150e+000
1.528351e+000
1.563715e+000
1.575000e+000
1.575000e+000
1.566638e+000
1.474023e+000
1.425616e+000
1.358897e+000
1.268295e+000
1.164101e+000
1.046739e+000
9.178360e-001
7.787094e-001
6.311325e-001
4.765579e-001
3.163986e-001
1.528427e-001
-1.266327e-002
-1.782837e-001
-3.415817e-001
-5.020569e-001
-6.563965e-001
-8.039749e-001
-9.431992e-001
-1.072031e+000
-1.189163e+000
-1.293687e+000
-1.384029e+000
-1.459058e+000
-1.517117e+000
-1.564684e+000
-1.563527e+000
-1.596629e+000
-1.600000e+000
-1.600000e+000
-1.556337e+000
-1.412759e+000
-1.384563e+000
-1.298155e+000
-1.194348e+000
-1.077597e+000
-9.493240e-001
-8.105972e-001
-6.633957e-001
-5.092209e-001
-3.490601e-001
-1.858337e-001
-2.023621e-002
1.452072e-001
3.090271e-001
4.691437e-001
6.244049e-001
7.719330e-001
9.117691e-001
1.040935e+000
1.159103e+000
1.263728e+000
1.355098e+000
1.430452e+000
1.490489e+000
1.539900e+000
1.540094e+000
1.561803e+000
1.575000e+000
1.575000e+000
1.546347e+000
1.390755e+000
1.358554e+000
1.277715e+000
1.174585e+000
1.058521e+000
9.307175e-001
7.926361e-001
6.454910e-001
4.917145e-001
3.321106e-001
1.684464e-001
3.302002e-003
-1.621765e-001
-3.262207e-001
-4.868027e-001
-6.418091e-001
-7.900955e-001
-9.302887e-001
-1.060046e+000
-1.178584e+000
-1.284058e+000
-1.376065e+000
-1.452496e+000
-1.513281e+000
-1.552472e+000
-1.594135e+000
-1.600000e+000
-1.597911e+000
-1.561469e+000
-1.526768e+000
-1.467328e+000
-1.395723e+000
-1.307364e+000
-1.204822e+000
-1.089476e+000
-9.619736e-001
-8.244034e-001
-6.779205e-001
-5.242218e-001
-3.647629e-001
-2.015366e-001
-3.624115e-002
1.293655e-001
2.933456e-001
4.540756e-001
6.094986e-001
7.583542e-001
8.986679e-001
1.029037e+000
1.148180e+000
1.254338e+000
1.346928e+000
1.423962e+000
1.485187e+000
1.535455e+000
1.537689e+000
1.566644e+000
1.575000e+000
1.575000e+000
1.549382e+000
1.400079e+000
1.366072e+000
1.286880e+000
1.185091e+000
1.070168e+000
9.435715e-001
8.062531e-001
6.597961e-001
5.070328e-001
3.474991e-001
1.844452e-001
1.916504e-002
-1.463898e-001
-3.105331e-001
-4.714645e-001
-6.273361e-001
-7.761185e-001
-9.171722e-001
-1.048091e+000
-1.167725e+000
-1.274495e+000
-1.367799e+000
-1.445944e+000
-1.507947e+000
-1.550078e+000
-1.594322e+000
-1.600000e+000
-1.584435e+000
-1.566982e+000
-1.551950e+000
-1.461974e+000
-1.403278e+000
-1.316563e+000
-1.215077e+000
-1.101248e+000
-9.747925e-001
-8.380432e-001
-6.921936e-001
-5.392853e-001
-3.803665e-001
-2.173096e-001
-5.208282e-002
1.134155e-001
2.776413e-001
4.387482e-001
5.951782e-001
7.440216e-001
8.856903e-001
1.016907e+000
1.137329e+000
1.244794e+000
1.338443e+000
1.417798e+000
1.480432e+000
1.521399e+000
1.564740e+000
1.575000e+000
1.574986e+000
1.546997e+000
1.502576e+000
1.453351e+000
1.381720e+000
1.296033e+000
1.195534e+000
1.081750e+000
9.562378e-001
8.198090e-001
6.743179e-001
5.218796e-001
3.630661e-001
2.003479e-001
3.487091e-002
-1.303558e-001
-2.948746e-001
-4.562363e-001
-6.124023e-001
-7.623367e-001
-9.040100e-001
-1.035970e+000
-1.156670e+000
-1.264925e+000
-1.359407e+000
-1.439101e+000
-1.502625e+000
-1.548824e+000
-1.568616e+000
-1.599449e+000
-1.600000e+000
-1.600000e+000
-1.555620e+000
-1.446292e+000
-1.410080e+000
-1.325504e+000
-1.225623e+000
-1.112656e+000
-9.873810e-001
-8.517151e-001
-7.063980e-001
-5.543945e-001
-3.957870e-001
-2.330795e-001
-6.812592e-002
9.752045e-002
2.620239e-001
4.234604e-001
5.803711e-001
7.300323e-001
8.724808e-001
1.004787e+000
1.126285e+000
1.234903e+000
1.330405e+000
1.410466e+000
1.475175e+000
1.518501e+000
1.564740e+000
1.575000e+000
1.569867e+000
1.537788e+000
1.531020e+000
1.449969e+000
1.389316e+000
1.304895e+000
1.205673e+000
1.093333e+000
9.687912e-001
8.332886e-001
6.887360e-001
5.367813e-001
3.785141e-001
2.160339e-001
5.111389e-002
-1.147339e-001
-2.790512e-001
-4.409073e-001
-5.978027e-001
-7.481598e-001
-8.907608e-001
-1.023743e+000
-1.145499e+000
-1.255266e+000
-1.350897e+000
-1.431964e+000
-1.497510e+000
-1.544263e+000
-1.569576e+000
-1.599657e+000
-1.600000e+000
-1.600000e+000
-1.551694e+000
-1.460062e+000
-1.418100e+000
-1.334320e+000
-1.235890e+000
-1.123970e+000
-9.999496e-001
-8.650894e-001
-7.210342e-001
-5.689850e-001
-4.113312e-001
-2.488541e-001
-8.412628e-002
8.175354e-002
2.462753e-001
4.080704e-001
5.655624e-001
7.158630e-001
8.593185e-001
9.924911e-001
1.115173e+000
1.224936e+000
1.321748e+000
1.403496e+000
1.469029e+000
1.521185e+000
1.537628e+000
1.571910e+000
1.575000e+000
1.575000e+000
1.547765e+000
1.429666e+000
1.392755e+000
1.313699e+000
1.215843e+000
1.104723e+000
9.811691e-001
8.468185e-001
7.029175e-001
5.516190e-001
3.941650e-001
2.316589e-001
6.700287e-002
-9.868469e-002
-2.636292e-001
-4.251587e-001
-5.832092e-001
-7.338394e-001
-8.775925e-001
-1.011432e+000
-1.134271e+000
-1.245212e+000
-1.342375e+000
-1.424820e+000
-1.492160e+000
-1.539665e+000
-1.570180e+000
-1.599780e+000
-1.600000e+000
-1.599876e+000
-1.546190e+000
-1.475461e+000
-1.425523e+000
-1.343013e+000
-1.245895e+000
-1.135149e+000
-1.012538e+000
-8.784637e-001
-7.349655e-001
-5.842331e-001
-4.266235e-001
-2.646317e-001
-9.993591e-002
6.575928e-002
2.305008e-001
3.927567e-001
5.505920e-001
7.019592e-001
8.456985e-001
9.802200e-001
1.103755e+000
1.215193e+000
1.313069e+000
1.396117e+000
1.463562e+000
1.516417e+000
1.537720e+000
1.572559e+000
1.575000e+000
1.575000e+000
1.544731e+000
1.439813e+000
1.402408e+000
1.322285e+000
1.225911e+000
1.115862e+000
9.934052e-001
8.604385e-001
7.169922e-001
5.666580e-001
4.091629e-001
2.477203e-001
8.280487e-002
-8.284912e-002
-2.476288e-001
-4.100403e-001
-5.681885e-001
-7.197388e-001
-8.640488e-001
-9.990005e-001
-1.123051e+000
-1.235069e+000
-1.333775e+000
-1.417314e+000
-1.486424e+000
-1.535997e+000
-1.569836e+000
-1.599780e+000
-1.600000e+000
-1.598627e+000
-1.540137e+000
-1.493436e+000
-1.431287e+000
-1.351382e+000
-1.255869e+000
-1.146594e+000
-1.024585e+000
-8.917313e-001
-7.494415e-001
-5.987061e-001
-4.420853e-001
-2.803589e-001
-1.159576e-001
4.995422e-002
2.147202e-001
3.773331e-001
5.356766e-001
6.875702e-001
8.324112e-001
9.677277e-001
1.092320e+000
1.205098e+000
1.304181e+000
1.388803e+000
1.457927e+000
1.511491e+000
1.537683e+000
1.573022e+000
1.575000e+000
1.575000e+000
1.539922e+000
1.452090e+000
1.410892e+000
1.330742e+000
1.235820e+000
1.127144e+000
1.005582e+000
8.735336e-001
7.313339e-001
5.812012e-001
4.247635e-001
2.632019e-001
9.888916e-002
-6.692657e-002
-2.321182e-001
-3.942520e-001
-5.534225e-001
-7.053696e-001
-8.506119e-001
-9.864502e-001
-1.111646e+000
-1.224826e+000
-1.324809e+000
-1.410493e+000
-1.479704e+000
-1.535413e+000
-1.563503e+000
-1.577660e+000
-1.600000e+000
-1.600000e+000
-1.598959e+000
-1.496457e+000
-1.408246e+000
-1.360016e+000
-1.265712e+000
-1.157669e+000
-1.036652e+000
-9.052292e-001
-7.631516e-001
-6.138168e-001
-4.572586e-001
-2.961334e-001
-1.317200e-001
3.393250e-002
1.990128e-001
3.617355e-001
5.207016e-001
6.734726e-001
8.185989e-001
9.553406e-001
1.080812e+000
1.194763e+000
1.295245e+000
1.381409e+000
1.452779e+000
1.504822e+000
1.548827e+000
1.540004e+000
1.573022e+000
1.575000e+000
1.575000e+000
1.494945e+000
1.372952e+000
1.339059e+000
1.245732e+000
1.137956e+000
1.017905e+000
8.866974e-001
7.452255e-001
5.960831e-001
4.401382e-001
2.786758e-001
1.148468e-001
-5.109558e-002
-2.160370e-001
-3.789383e-001
-5.383255e-001
-6.912033e-001
-8.369003e-001
-9.737762e-001
-1.100256e+000
-1.214507e+000
-1.315834e+000
-1.402493e+000
-1.474405e+000
-1.530351e+000
-1.559863e+000
-1.580859e+000
-1.600000e+000
-1.600000e+000
-1.598625e+000
-1.500072e+000
-1.419992e+000
-1.368147e+000
-1.275336e+000
-1.168507e+000
-1.049101e+000
-9.180725e-001
-7.773560e-001
-6.284103e-001
-4.725967e-001
-3.117188e-001
-1.477539e-001
1.814270e-002
1.832611e-001
3.462158e-001
5.054871e-001
6.591522e-001
8.051224e-001
9.425583e-001
1.069318e+000
1.184184e+000
1.286404e+000
1.373552e+000
1.446892e+000
1.500722e+000
1.541959e+000
1.544014e+000
1.574506e+000
1.575000e+000
1.575000e+000
1.500607e+000
1.381638e+000
1.347603e+000
1.255103e+000
1.148874e+000
1.030124e+000
8.995636e-001
7.594788e-001
6.105316e-001
4.552307e-001
2.945862e-001
1.307526e-001
-3.521576e-002
-2.003479e-001
-3.634369e-001
-5.230103e-001
-6.768509e-001
-8.234161e-001
-9.609833e-001
-1.088496e+000
-1.204161e+000
-1.306557e+000
-1.394930e+000
-1.468370e+000
-1.525452e+000
-1.556342e+000
-1.583496e+000
-1.600000e+000
-1.600000e+000
-1.597978e+000
-1.502708e+000
-1.432173e+000
-1.376283e+000
-1.284885e+000
-1.179379e+000
-1.061061e+000
-9.311172e-001
-7.912811e-001
-6.429749e-001
-4.878876e-001
-3.272995e-001
-1.636612e-001
2.091980e-003
1.674667e-001
3.307953e-001
4.904892e-001
6.444565e-001
7.915649e-001
9.296951e-001
1.057535e+000
1.173961e+000
1.276883e+000
1.366238e+000
1.439265e+000
1.497955e+000
1.535219e+000
1.573022e+000
1.575000e+000
1.566187e+000
1.531703e+000
1.492792e+000
1.430899e+000
1.355206e+000
1.264603e+000
1.159972e+000
1.041681e+000
9.128860e-001
7.730820e-001
6.253036e-001
4.705276e-001
3.100708e-001
1.465027e-001
-1.920471e-002
-1.843170e-001
-3.480225e-001
-5.080719e-001
-6.621689e-001
-8.095535e-001
-9.482986e-001
-1.076767e+000
-1.193568e+000
-1.297363e+000
-1.387120e+000
-1.461348e+000
-1.519347e+000
-1.565631e+000
-1.593309e+000
-1.562697e+000
-1.593944e+000
-1.600000e+000
-1.561002e+000
-1.413705e+000
-1.380609e+000
-1.294435e+000
-1.190002e+000
-1.072968e+000
-9.441589e-001
-8.050430e-001
-6.577148e-001
-5.027512e-001
-3.431198e-001
-1.795090e-001
-1.371002e-002
1.515213e-001
3.150833e-001
4.754120e-001
6.301651e-001
7.776443e-001
9.167267e-001
1.045952e+000
1.163020e+000
1.267752e+000
1.358319e+000
1.433653e+000
1.492348e+000
1.530656e+000
1.551158e+000
1.575000e+000
1.575000e+000
1.574962e+000
1.503528e+000
1.405548e+000
1.363657e+000
1.274005e+000
1.170325e+000
1.053818e+000
9.256241e-001
7.869736e-001
6.397751e-001
4.856949e-001
3.257187e-001
1.622803e-001
-3.115845e-003
-1.686432e-001
-3.323807e-001
-4.926895e-001
-6.479568e-001
-7.956497e-001
-9.353424e-001
-1.064912e+000
-1.182880e+000
-1.287874e+000
-1.379268e+000
-1.455289e+000
-1.515645e+000
-1.550694e+000
-1.586229e+000
-1.600000e+000
-1.600000e+000
-1.594208e+000
-1.507976e+000
-1.456456e+000
-1.392520e+000
-1.303696e+000
-1.200566e+000
-1.084836e+000
-9.569702e-001
-8.188934e-001
-6.718292e-001
-5.184769e-001
-3.583954e-001
-1.951904e-001
-2.990265e-002
1.357468e-001
2.995880e-001
4.601196e-001
6.155762e-001
7.637299e-001
9.038879e-001
1.033929e+000
1.152341e+000
1.258420e+000
1.350000e+000
1.427156e+000
1.487372e+000
1.527222e+000
1.552660e+000
1.575000e+000
1.575000e+000
1.574704e+000
1.501985e+000
1.419713e+000
1.371402e+000
1.283302e+000
1.180812e+000
1.065758e+000
9.382187e-001
8.008102e-001
6.542526e-001
5.007339e-001
3.412125e-001
1.782913e-001
1.277466e-002
-1.528763e-001
-3.167267e-001
-4.774918e-001
-6.332138e-001
-7.818558e-001
-9.223724e-001
-1.052855e+000
-1.172054e+000
-1.278427e+000
-1.371086e+000
-1.448839e+000
-1.510063e+000
-1.548596e+000
-1.586517e+000
-1.600000e+000
-1.600000e+000
-1.590060e+000
-1.512079e+000
-1.469333e+000
-1.399323e+000
-1.312950e+000
-1.211325e+000
-1.096136e+000
-9.698044e-001
-8.326660e-001
-6.863647e-001
-5.333450e-001
